Timestamp [ms],CPU usage [MHZ],CPU capacity provisioned [MHZ]
1372629804,0.0,2925.999406
1372630104,0.0,2925.999406
1372630404,0.0,2925.999406
1372630704,0.0,2925.999406
1372631004,0.0,2925.999406
1372631304,0.0,2925.999406
1372631604,0.0,2925.999406
1372631904,0.0,2925.999406
1372632204,0.0,2925.999406
1372632504,0.0,2925.999406
1372632804,0.0,2925.999406
1372633104,0.0,2925.999406
1372633404,0.0,2925.999406
1372633704,0.0,2925.999406
1372634004,0.0,2925.999406
1372634304,0.0,2925.999406
1372634604,0.0,2925.999406
1372634903,0.0,2925.999406
1372635203,0.0,2925.999406
1372635503,0.0,2925.999406
1372635803,0.0,2925.999406
1372636103,0.0,2925.999406
1372636403,0.0,2925.999406
1372636703,0.0,2925.999406
1372637004,0.0,2925.999406
1372637304,0.0,2925.999406
1372637604,0.0,2925.999406
1372637904,0.0,2925.999406
1372638204,0.0,2925.999406
1372638504,0.0,2925.999406
1372638804,0.0,2925.999406
1372639104,0.0,2925.999406
1372639404,0.0,2925.999406
1372639704,0.0,2925.999406
1372640004,0.0,2925.999406
1372640304,0.0,2925.999406
1372640604,0.0,2925.999406
1372640904,0.0,2925.999406
1372641204,0.0,2925.999406
1372641504,0.0,2925.999406
1372641804,0.0,2925.999406
1372642104,0.0,2925.999406
1372642404,0.0,2925.999406
1372642704,0.0,2925.999406
1372643005,0.0,2925.999406
1372643305,0.0,2925.999406
1372643605,0.0,2925.999406
1372643905,0.0,2925.999406
1372644205,0.0,2925.999406
1372644505,0.0,2925.999406
1372644805,0.0,2925.999406
1372645105,0.0,2925.999406
1372645405,0.0,2925.999406
1372645705,0.0,2925.999406
1372646005,0.0,2925.999406
1372646305,0.0,2925.999406
1372646605,0.0,2925.999406
1372646905,0.0,2925.999406
1372647205,0.0,2925.999406
1372647505,0.0,2925.999406
1372647805,0.0,2925.999406
1372648105,0.0,2925.999406
1372648405,0.0,2925.999406
1372648705,0.0,2925.999406
1372649005,0.0,2925.999406
1372649305,0.0,2925.999406
1372649605,0.0,2925.999406
1372649905,0.0,2925.999406
1372650205,0.0,2925.999406
1372650505,0.0,2925.999406
1372650805,0.0,2925.999406
1372651105,0.0,2925.999406
1372651405,0.0,2925.999406
1372651705,0.0,2925.999406
1372652006,0.0,2925.999406
1372652306,0.0,2925.999406
1372652606,0.0,2925.999406
1372652906,0.0,2925.999406
1372653206,0.0,2925.999406
1372653506,0.0,2925.999406
1372653806,0.0,2925.999406
1372654106,0.0,2925.999406
1372654406,0.0,2925.999406
1372654706,0.0,2925.999406
1372655006,0.0,2925.999406
1372655306,0.0,2925.999406
1372655606,0.0,2925.999406
1372655906,0.0,2925.999406
1372656206,0.0,2925.999406
1372656506,0.0,2925.999406
1372656806,0.0,2925.999406
1372657106,0.0,2925.999406
1372657406,0.0,2925.999406
1372657706,0.0,2925.999406
1372658006,0.0,2925.999406
1372658306,0.0,2925.999406
1372658606,0.0,2925.999406
1372658906,0.0,2925.999406
1372659206,0.0,2925.999406
1372659506,0.0,2925.999406
1372659806,0.0,2925.999406
1372660106,0.0,2925.999406
1372660407,0.0,2925.999406
1372660707,0.0,2925.999406
1372661007,0.0,2925.999406
1372661307,0.0,2925.999406
1372661607,0.0,2925.999406
1372661907,0.0,2925.999406
1372662207,0.0,2925.999406
1372662507,0.0,2925.999406
1372662807,0.0,2925.999406
1372663107,0.0,2925.999406
1372663407,0.0,2925.999406
1372663707,0.0,2925.999406
1372664007,0.0,2925.999406
1372664307,0.0,2925.999406
1372664607,0.0,2925.999406
1372664907,0.0,2925.999406
1372665207,0.0,2925.999406
1372665508,0.0,2925.999406
1372665808,0.0,2925.999406
1372666108,0.0,2925.999406
1372666408,0.0,2925.999406
1372666708,0.0,2925.999406
1372667008,0.0,2925.999406
1372667307,0.0,2925.999406
1372667607,0.0,2925.999406
1372667907,0.0,2925.999406
1372668207,0.0,2925.999406
1372668507,0.0,2925.999406
1372668807,0.0,2925.999406
1372669107,0.0,2925.999406
1372669407,0.0,2925.999406
1372669707,0.0,2925.999406
1372670007,0.0,2925.999406
1372670307,0.0,2925.999406
1372670607,0.0,2925.999406
1372670907,0.0,2925.999406
1372671207,0.0,2925.999406
1372671508,0.0,2925.999406
1372671808,0.0,2925.999406
1372672108,0.0,2925.999406
1372672408,0.0,2925.999406
1372672708,0.0,2925.999406
1372673008,0.0,2925.999406
1372673308,0.0,2925.999406
1372673608,0.0,2925.999406
1372673908,0.0,2925.999406
1372674208,0.0,2925.999406
1372674508,0.0,2925.999406
1372674808,0.0,2925.999406
1372675108,0.0,2925.999406
1372675408,0.0,2925.999406
1372675708,0.0,2925.999406
1372676008,0.0,2925.999406
1372676308,0.0,2925.999406
1372676608,0.0,2925.999406
1372676908,0.0,2925.999406
1372677208,0.0,2925.999406
1372677508,0.0,2925.999406
1372677808,0.0,2925.999406
1372678108,0.0,2925.999406
1372678408,0.0,2925.999406
1372678708,0.0,2925.999406
1372679009,0.0,2925.999406
1372679309,0.0,2925.999406
1372679609,0.0,2925.999406
1372679909,0.0,2925.999406
1372680209,0.0,2925.999406
1372680509,5.851998636000001,2925.999318
1372680809,0.0,2925.999318
1372681109,0.0,2925.999318
1372681409,0.0,2925.999318
1372681709,0.0,2925.999318
1372682009,0.0,2925.999318
1372682309,0.0,2925.999318
1372682609,0.0,2925.999318
1372682909,0.0,2925.999318
1372683209,0.0,2925.999318
1372683509,0.0,2925.999318
1372683809,0.0,2925.999318
1372684109,0.0,2925.999318
1372684409,0.0,2925.999318
1372684709,0.0,2925.999318
1372685009,0.0,2925.999318
1372685309,0.0,2925.999318
1372685609,0.0,2925.999318
1372685909,0.0,2925.999318
1372686209,0.0,2925.999318
1372686509,0.0,2925.999318
1372686810,0.0,2925.999318
1372687110,0.0,2925.999318
1372687410,0.0,2925.999318
1372687710,0.0,2925.999318
1372688010,0.0,2925.999318
1372688310,0.0,2925.999318
1372688610,0.0,2925.999318
1372688910,0.0,2925.999318
1372689210,0.0,2925.999318
1372689510,0.0,2925.999318
1372689810,0.0,2925.999318
1372690110,0.0,2925.999318
1372690410,0.0,2925.999318
1372690710,0.0,2925.999318
1372691010,0.0,2925.999318
1372691310,0.0,2925.999318
1372691610,0.0,2925.999318
1372691910,0.0,2925.999318
1372692210,0.0,2925.999318
1372692510,0.0,2925.999318
1372692810,0.0,2925.999318
1372693110,0.0,2925.999318
1372693410,0.0,2925.999318
1372693710,0.0,2925.999318
1372694010,0.0,2925.999318
1372694310,0.0,2925.999318
1372694610,0.0,2925.999318
1372694911,0.0,2925.999318
1372695211,0.0,2925.999318
1372695511,0.0,2925.999318
1372695811,0.0,2925.999318
1372696111,0.0,2925.999318
1372696411,0.0,2925.999318
1372696711,0.0,2925.999318
1372697011,0.0,2925.999318
1372697311,0.0,2925.999318
1372697611,0.0,2925.999318
1372697911,0.0,2925.999318
1372698211,0.0,2925.999318
1372698511,0.0,2925.999318
1372698811,0.0,2925.999318
1372699111,0.0,2925.999318
1372699411,0.0,2925.999318
1372699711,0.0,2925.999318
1372700011,0.0,2925.999318
1372700311,0.0,2925.999318
1372700611,0.0,2925.999318
1372700911,0.0,2925.999318
1372701211,0.0,2925.999318
1372701511,0.0,2925.999318
1372701811,0.0,2925.999318
1372702111,0.0,2925.999318
1372702411,0.0,2925.999318
1372702711,0.0,2925.999318
1372703011,0.0,2925.999318
1372703311,0.0,2925.999318
1372703611,0.0,2925.999318
1372703911,0.0,2925.999318
1372704211,0.0,2925.999318
1372704511,0.0,2925.999318
1372704811,0.0,2925.999318
1372705111,0.0,2925.999318
1372705411,0.0,2925.999318
1372705711,0.0,2925.999318
1372706011,0.0,2925.999318
1372706311,0.0,2925.999318
1372706611,0.0,2925.999318
1372706911,0.0,2925.999318
1372707211,0.0,2925.999318
1372707511,0.0,2925.999318
1372707811,0.0,2925.999318
1372708111,0.0,2925.999318
1372708411,0.0,2925.999318
1372708711,0.0,2925.999318
1372709012,0.0,2925.999318
1372709312,0.0,2925.999318
1372709612,0.0,2925.999318
1372709912,0.0,2925.999318
1372710212,0.0,2925.999318
1372710512,0.0,2925.999318
1372710812,0.0,2925.999318
1372711112,0.0,2925.999318
1372711412,0.0,2925.999318
1372711712,0.0,2925.999318
1372712012,0.0,2925.999318
1372712312,0.0,2925.999318
1372712612,0.0,2925.999318
1372712912,0.0,2925.999318
1372713212,0.0,2925.999318
1372713512,0.0,2925.999318
1372713812,0.0,2925.999318
1372714112,0.0,2925.999318
1372714412,0.0,2925.999318
1372714712,0.0,2925.999318
1372715012,0.0,2925.999318
1372715312,0.0,2925.999318
1372715612,0.0,2925.999318
1372715912,0.0,2925.999318
1372716212,0.0,2925.999318
1372716512,0.0,2925.999318
1372716812,0.0,2925.999318
1372717112,0.0,2925.999318
1372717413,0.0,2925.999318
1372717713,0.0,2925.999318
1372718013,0.0,2925.999318
1372718313,0.0,2925.999318
1372718613,0.0,2925.999318
1372718913,0.0,2925.999318
1372719213,0.0,2925.999318
1372719513,0.0,2925.999318
1372719813,0.0,2925.999318
1372720113,0.0,2925.999318
1372720413,0.0,2925.999318
1372720713,0.0,2925.999318
1372721013,0.0,2925.999318
1372721313,0.0,2925.999318
1372721613,0.0,2925.999318
1372721913,0.0,2925.999318
1372722213,0.0,2925.999318
1372722513,0.0,2925.999318
1372722813,0.0,2925.999318
1372723113,0.0,2925.999318
1372723413,0.0,2925.999318
1372723713,0.0,2925.999318
1372724013,0.0,2925.999318
1372724313,0.0,2925.999318
1372724613,0.0,2925.999318
1372724913,0.0,2925.999318
1372725213,0.0,2925.999318
1372725513,0.0,2925.999318
1372725813,0.0,2925.999318
1372726113,0.0,2925.999318
1372726414,0.0,2925.999318
1372726714,0.0,2925.999318
1372727014,0.0,2925.999318
1372727314,0.0,2925.999318
1372727614,0.0,2925.999318
1372727914,0.0,2925.999318
1372728214,0.0,2925.999318
1372728514,0.0,2925.999318
1372728814,0.0,2925.999318
1372729114,0.0,2925.999318
1372729414,0.0,2925.999318
1372729714,0.0,2925.999318
1372730014,0.0,2925.999318
1372730314,0.0,2925.999318
1372730614,0.0,2925.999318
1372730914,0.0,2925.999318
1372731214,0.0,2925.999318
1372731514,0.0,2925.999318
1372731814,0.0,2925.999318
1372732114,0.0,2925.999318
1372732414,0.0,2925.999318
1372732714,0.0,2925.999318
1372733014,0.0,2925.999318
1372733313,0.0,2925.999318
1372733613,0.0,2925.999318
1372733913,0.0,2925.999318
1372734213,0.0,2925.999318
1372734514,0.0,2925.999318
1372734814,0.0,2925.999318
1372735114,0.0,2925.999318
1372735414,0.0,2925.999318
1372735714,0.0,2925.999318
1372736014,0.0,2925.999318
1372736314,0.0,2925.999318
1372736614,0.0,2925.999318
1372736914,0.0,2925.999318
1372737214,0.0,2925.999318
1372737514,0.0,2925.999318
1372737814,0.0,2925.999318
1372738114,0.0,2925.999318
1372738414,0.0,2925.999318
1372738714,0.0,2925.999318
1372739014,0.0,2925.999318
1372739314,0.0,2925.999318
1372739614,0.0,2925.999318
1372739914,0.0,2925.999318
1372740214,0.0,2925.999318
1372740514,0.0,2925.999318
1372740814,0.0,2925.999318
1372741114,0.0,2925.999318
1372741414,0.0,2925.999318
1372741714,0.0,2925.999318
1372742014,0.0,2925.999318
1372742314,0.0,2925.999318
1372742614,0.0,2925.999318
1372742914,0.0,2925.999318
1372743214,0.0,2925.999318
1372743514,0.0,2925.999318
1372743815,0.0,2925.999318
1372744115,0.0,2925.999318
1372744415,0.0,2925.999318
1372744715,0.0,2925.999318
1372745015,0.0,2925.999318
1372745315,0.0,2925.999318
1372745615,0.0,2925.999318
1372745915,0.0,2925.999318
1372746215,0.0,2925.999318
1372746515,0.0,2925.999318
1372746815,0.0,2925.999318
1372747115,0.0,2925.999318
1372747415,0.0,2925.999318
1372747715,0.0,2925.999318
1372748015,0.0,2925.999318
1372748315,0.0,2925.999318
1372748622,0.0,2925.999318
1372748922,0.0,2925.999318
1372749222,0.0,2925.999318
1372749522,0.0,2925.999318
1372749822,0.0,2925.999318
1372750122,0.0,2925.999318
1372750422,0.0,2925.999318
1372750722,0.0,2925.999318
1372751022,0.0,2925.999318
1372751322,0.0,2925.999318
1372751622,0.0,2925.999318
1372751923,0.0,2925.999318
1372752223,0.0,2925.999318
1372752523,0.0,2925.999318
1372752823,0.0,2925.999318
1372753123,0.0,2925.999318
1372753423,0.0,2925.999318
1372753723,0.0,2925.999318
1372754023,0.0,2925.999318
1372754323,0.0,2925.999318
1372754623,0.0,2925.999318
1372754923,0.0,2925.999318
1372755223,0.0,2925.999318
1372755523,0.0,2925.999318
1372755823,0.0,2925.999318
1372756123,0.0,2925.999318
1372756423,0.0,2925.999318
1372756723,0.0,2925.999318
1372757023,0.0,2925.999318
1372757323,0.0,2925.999318
1372757623,0.0,2925.999318
1372757923,0.0,2925.999318
1372758223,0.0,2925.999318
1372758523,0.0,2925.999318
1372758823,0.0,2925.999318
1372759123,0.0,2925.999318
1372759423,0.0,2925.999318
1372759723,0.0,2925.999318
1372760024,0.0,2925.999318
1372760324,0.0,2925.999318
1372760624,0.0,2925.999318
1372760924,0.0,2925.999318
1372761224,0.0,2925.999318
1372761524,0.0,2925.999318
1372761824,0.0,2925.999318
1372762124,0.0,2925.999318
1372762424,0.0,2925.999318
1372762724,0.0,2925.999318
1372763024,0.0,2925.999318
1372763324,0.0,2925.999318
1372763624,0.0,2925.999318
1372763924,0.0,2925.999318
1372764224,0.0,2925.999318
1372764524,0.0,2925.999318
1372764824,0.0,2925.999318
1372765124,0.0,2925.999318
1372765424,0.0,2925.999318
1372765724,0.0,2925.999318
1372766024,0.0,2925.999318
1372766324,0.0,2925.999318
1372766624,0.0,2925.999318
1372766924,0.0,2925.999318
1372767224,0.0,2925.999318
1372767524,0.0,2925.999318
1372767824,0.0,2925.999318
1372768124,0.0,2925.999318
1372768424,0.0,2925.999318
1372768724,0.0,2925.999318
1372769024,0.0,2925.999318
1372769324,0.0,2925.999318
1372769624,0.0,2925.999318
1372769924,0.0,2925.999318
1372770224,0.0,2925.999318
1372770524,0.0,2925.999318
1372770824,0.0,2925.999318
1372771124,0.0,2925.999318
1372771424,0.0,2925.999318
1372771724,0.0,2925.999318
1372772024,0.0,2925.999318
1372772324,0.0,2925.999318
1372772624,0.0,2925.999318
1372772924,0.0,2925.999318
1372773224,0.0,2925.999318
1372773524,0.0,2925.999318
1372773824,0.0,2925.999318
1372774124,0.0,2925.999318
1372774424,0.0,2925.999318
1372774724,0.0,2925.999318
1372775024,0.0,2925.999318
1372775324,0.0,2925.999318
1372775624,0.0,2925.999318
1372775924,0.0,2925.999318
1372776224,0.0,2925.999318
1372776524,0.0,2925.999318
1372776824,0.0,2925.999318
1372777125,0.0,2925.999318
1372777425,0.0,2925.999318
1372777725,0.0,2925.999318
1372778025,0.0,2925.999318
1372778325,0.0,2925.999318
1372778625,0.0,2925.999318
1372778925,0.0,2925.999318
1372779225,0.0,2925.999318
1372779525,0.0,2925.999318
1372779825,0.0,2925.999318
1372780125,0.0,2925.999318
1372780425,0.0,2925.999318
1372780725,0.0,2925.999318
1372781025,0.0,2925.999318
1372781325,0.0,2925.999318
1372781625,0.0,2925.999318
1372781925,0.0,2925.999318
1372782225,0.0,2925.999318
1372782525,0.0,2925.999318
1372782825,0.0,2925.999318
1372783125,0.0,2925.999318
1372783425,0.0,2925.999318
1372783725,0.0,2925.999318
1372784025,0.0,2925.999318
1372784325,0.0,2925.999318
1372784625,0.0,2925.999318
1372784925,0.0,2925.999318
1372785225,0.0,2925.999318
1372785525,0.0,2925.999318
1372785825,0.0,2925.999318
1372786126,0.0,2925.999318
1372786426,0.0,2925.999318
1372786726,0.0,2925.999318
1372787026,0.0,2925.999318
1372787326,0.0,2925.999318
1372787626,0.0,2925.999318
1372787926,0.0,2925.999318
1372788226,0.0,2925.999318
1372788526,0.0,2925.999318
1372788826,0.0,2925.999318
1372789126,0.0,2925.999318
1372789426,0.0,2925.999318
1372789726,0.0,2925.999318
1372790026,0.0,2925.999318
1372790326,0.0,2925.999318
1372790626,0.0,2925.999318
1372790926,0.0,2925.999318
1372791226,0.0,2925.999318
1372791526,0.0,2925.999318
1372791826,0.0,2925.999318
1372792126,0.0,2925.999318
1372792426,0.0,2925.999318
1372792726,0.0,2925.999318
1372793026,0.0,2925.999318
1372793326,0.0,2925.999318
1372793626,0.0,2925.999318
1372793926,0.0,2925.999318
1372794226,0.0,2925.999318
1372794526,0.0,2925.999318
1372794827,0.0,2925.999318
1372795127,0.0,2925.999318
1372795427,0.0,2925.999318
1372795727,0.0,2925.999318
1372796027,0.0,2925.999318
1372796327,0.0,2925.999318
1372796627,0.0,2925.999318
1372796927,0.0,2925.999318
1372797227,0.0,2925.999318
1372797527,0.0,2925.999318
1372797827,0.0,2925.999318
1372798127,0.0,2925.999318
1372798426,0.0,2925.999318
1372798726,0.0,2925.999318
1372799026,0.0,2925.999318
1372799326,0.0,2925.999318
1372799626,0.0,2925.999318
1372799926,0.0,2925.999318
1372800226,0.0,2925.999318
1372800526,0.0,2925.999318
1372800826,0.0,2925.999318
1372801127,0.0,2925.999318
1372801427,0.0,2925.999318
1372801727,0.0,2925.999318
1372802027,0.0,2925.999318
1372802327,0.0,2925.999318
1372802627,0.0,2925.999318
1372802927,0.0,2925.999318
1372803227,0.0,2925.999318
1372803527,0.0,2925.999318
1372803827,0.0,2925.999318
1372804127,0.0,2925.999318
1372804427,0.0,2925.999318
1372804727,0.0,2925.999318
1372805027,0.0,2925.999318
1372805327,0.0,2925.999318
1372805627,0.0,2925.999318
1372805927,0.0,2925.999318
1372806227,0.0,2925.999318
1372806527,0.0,2925.999318
1372806827,0.0,2925.999318
1372807127,0.0,2925.999318
1372807427,0.0,2925.999318
1372807727,0.0,2925.999318
1372808027,0.0,2925.999318
1372808327,0.0,2925.999318
1372808627,0.0,2925.999318
1372808927,0.0,2925.999318
1372809227,0.0,2925.999318
1372809527,0.0,2925.999318
1372809827,0.0,2925.999318
1372810127,0.0,2925.999318
1372810427,0.0,2925.999318
1372810727,0.0,2925.999318
1372811027,0.0,2925.999318
1372811327,0.0,2925.999318
1372811627,0.0,2925.999318
1372811927,0.0,2925.999318
1372812228,0.0,2925.999318
1372812528,0.0,2925.999318
1372812828,0.0,2925.999318
1372813128,0.0,2925.999318
1372813428,0.0,2925.999318
1372813728,0.0,2925.999318
1372814028,0.0,2925.999318
1372814328,0.0,2925.999318
1372814628,0.0,2925.999318
1372814928,0.0,2925.999318
1372815228,0.0,2925.999318
1372815528,0.0,2925.999318
1372815828,0.0,2925.999318
1372816128,0.0,2925.999318
1372816428,0.0,2925.999318
1372816728,0.0,2925.999318
1372817028,0.0,2925.999318
1372817328,0.0,2925.999318
1372817628,0.0,2925.999318
1372817928,0.0,2925.999318
1372818228,0.0,2925.999318
1372818528,0.0,2925.999318
1372818828,0.0,2925.999318
1372819128,0.0,2925.999318
1372819428,0.0,2925.999318
1372819728,0.0,2925.999318
1372820028,0.0,2925.999318
1372820328,0.0,2925.999318
1372820628,0.0,2925.999318
1372820928,0.0,2925.999318
1372821229,0.0,2925.999318
1372821529,0.0,2925.999318
1372821829,0.0,2925.999318
1372822129,0.0,2925.999318
1372822429,0.0,2925.999318
1372822729,0.0,2925.999318
1372823029,0.0,2925.999318
1372823329,0.0,2925.999318
1372823629,0.0,2925.999318
1372823929,0.0,2925.999318
1372824229,0.0,2925.999318
1372824529,0.0,2925.999318
1372824829,0.0,2925.999318
1372825129,0.0,2925.999318
1372825429,0.0,2925.999318
1372825729,0.0,2925.999318
1372826029,0.0,2925.999318
1372826329,0.0,2925.999318
1372826629,0.0,2925.999318
1372826929,0.0,2925.999318
1372827229,0.0,2925.999318
1372827529,0.0,2925.999318
1372827829,0.0,2925.999318
1372828129,0.0,2925.999318
1372828429,0.0,2925.999318
1372828729,0.0,2925.999318
1372829029,0.0,2925.999318
1372829329,0.0,2925.999318
1372829629,0.0,2925.999318
1372829929,0.0,2925.999318
1372830230,0.0,2925.999318
1372830530,0.0,2925.999318
1372830830,0.0,2925.999318
1372831129,0.0,2925.999318
1372831429,0.0,2925.999318
1372831729,0.0,2925.999318
1372832029,0.0,2925.999318
1372832329,0.0,2925.999318
1372832629,0.0,2925.999318
1372832929,0.0,2925.999318
1372833229,0.0,2925.999318
1372833529,0.0,2925.999318
1372833829,0.0,2925.999318
1372834129,0.0,2925.999318
1372834429,0.0,2925.999318
1372834729,0.0,2925.999318
1372835029,0.0,2925.999318
1372835329,0.0,2925.999318
1372835629,0.0,2925.999318
1372835930,0.0,2925.999318
1372836230,0.0,2925.999318
1372836530,0.0,2925.999318
1372836830,0.0,2925.999318
1372837130,0.0,2925.999318
1372837430,0.0,2925.999318
1372837730,0.0,2925.999318
1372838030,0.0,2925.999318
1372838330,0.0,2925.999318
1372838630,0.0,2925.999318
1372838930,0.0,2925.999318
1372839230,0.0,2925.999318
1372839530,0.0,2925.999318
1372839830,0.0,2925.999318
1372840130,0.0,2925.999318
1372840430,0.0,2925.999318
1372840730,0.0,2925.999318
1372841030,0.0,2925.999318
1372841330,0.0,2925.999318
1372841630,0.0,2925.999318
1372841930,0.0,2925.999318
1372842230,0.0,2925.999318
1372842530,0.0,2925.999318
1372842830,0.0,2925.999318
1372843130,0.0,2925.999318
1372843430,0.0,2925.999318
1372843730,0.0,2925.999318
1372844030,0.0,2925.999318
1372844331,0.0,2925.999318
1372844631,0.0,2925.999318
1372844931,0.0,2925.999318
1372845231,0.0,2925.999318
1372845531,0.0,2925.999318
1372845831,0.0,2925.999318
1372846131,0.0,2925.999318
1372846431,0.0,2925.999318
1372846731,0.0,2925.999318
1372847031,0.0,2925.999318
1372847331,0.0,2925.999318
1372847631,0.0,2925.999318
1372847931,0.0,2925.999318
1372848231,0.0,2925.999318
1372848531,0.0,2925.999318
1372848831,0.0,2925.999318
1372849131,0.0,2925.999318
1372849431,0.0,2925.999318
1372849731,0.0,2925.999318
1372850031,0.0,2925.999318
1372850331,0.0,2925.999318
1372850631,0.0,2925.999318
1372850931,0.0,2925.999318
1372851231,0.0,2925.999318
1372851531,0.0,2925.999318
1372851831,0.0,2925.999318
1372852131,0.0,2925.999318
1372852431,0.0,2925.999318
1372852732,0.0,2925.999318
1372853032,0.0,2925.999318
1372853332,0.0,2925.999318
1372853632,0.0,2925.999318
1372853932,0.0,2925.999318
1372854232,0.0,2925.999318
1372854532,0.0,2925.999318
1372854832,0.0,2925.999318
1372855132,0.0,2925.999318
1372855432,0.0,2925.999318
1372855732,0.0,2925.999318
1372856032,0.0,2925.999318
1372856332,0.0,2925.999318
1372856632,0.0,2925.999318
1372856932,0.0,2925.999318
1372857232,0.0,2925.999318
1372857532,0.0,2925.999318
1372857832,0.0,2925.999318
1372858132,0.0,2925.999318
1372858432,0.0,2925.999318
1372858732,0.0,2925.999318
1372859032,0.0,2925.999318
1372859332,0.0,2925.999318
1372859632,0.0,2925.999318
1372859932,0.0,2925.999318
1372860232,0.0,2925.999318
1372860532,0.0,2925.999318
1372860833,0.0,2925.999318
1372861132,0.0,2925.999318
1372861433,0.0,2925.999318
1372861733,0.0,2925.999318
1372862033,0.0,2925.999318
1372862333,0.0,2925.999318
1372862633,0.0,2925.999318
1372862933,0.0,2925.999318
1372863233,0.0,2925.999318
1372863533,0.0,2925.999318
1372863832,0.0,2925.999318
1372864132,0.0,2925.999318
1372864432,0.0,2925.999318
1372864732,0.0,2925.999318
1372865032,0.0,2925.999318
1372865332,0.0,2925.999318
1372865632,0.0,2925.999318
1372865932,0.0,2925.999318
1372866232,0.0,2925.999318
1372866532,0.0,2925.999318
1372866832,0.0,2925.999318
1372867133,0.0,2925.999318
1372867433,0.0,2925.999318
1372867733,0.0,2925.999318
1372868033,0.0,2925.999318
1372868333,0.0,2925.999318
1372868633,0.0,2925.999318
1372868933,0.0,2925.999318
1372869233,0.0,2925.999318
1372869533,0.0,2925.999318
1372869833,0.0,2925.999318
1372870133,0.0,2925.999318
1372870433,0.0,2925.999318
1372870733,0.0,2925.999318
1372871033,0.0,2925.999318
1372871333,0.0,2925.999318
1372871633,0.0,2925.999318
1372871933,0.0,2925.999318
1372872233,0.0,2925.999318
1372872533,0.0,2925.999318
1372872833,0.0,2925.999318
1372873133,0.0,2925.999318
1372873433,0.0,2925.999318
1372873733,0.0,2925.999318
1372874033,0.0,2925.999318
1372874333,0.0,2925.999318
1372874633,0.0,2925.999318
1372874933,0.0,2925.999318
1372875233,0.0,2925.999318
1372875533,0.0,2925.999318
1372875833,0.0,2925.999318
1372876133,0.0,2925.999318
1372876433,0.0,2925.999318
1372876733,0.0,2925.999318
1372877033,0.0,2925.999318
1372877333,0.0,2925.999318
1372877633,0.0,2925.999318
1372877934,0.0,2925.999318
1372878234,0.0,2925.999318
1372878534,0.0,2925.999318
1372878834,0.0,2925.999318
1372879134,0.0,2925.999318
1372879434,0.0,2925.999318
1372879734,0.0,2925.999318
1372880034,0.0,2925.999318
1372880334,0.0,2925.999318
1372880634,0.0,2925.999318
1372880934,0.0,2925.999318
1372881234,0.0,2925.999318
1372881534,0.0,2925.999318
1372881834,0.0,2925.999318
1372882134,0.0,2925.999318
1372882434,0.0,2925.999318
1372882734,0.0,2925.999318
1372883034,0.0,2925.999318
1372883334,0.0,2925.999318
1372883634,0.0,2925.999318
1372883934,0.0,2925.999318
1372884234,0.0,2925.999318
1372884534,0.0,2925.999318
1372884834,0.0,2925.999318
1372885134,0.0,2925.999318
1372885434,0.0,2925.999318
1372885734,0.0,2925.999318
1372886034,0.0,2925.999318
1372886334,0.0,2925.999318
1372886634,0.0,2925.999318
1372886934,0.0,2925.999318
1372887234,0.0,2925.999318
1372887534,0.0,2925.999318
1372887835,0.0,2925.999318
1372888135,0.0,2925.999318
1372888435,0.0,2925.999318
1372888735,0.0,2925.999318
1372889035,0.0,2925.999318
1372889335,0.0,2925.999318
1372889635,0.0,2925.999318
1372889935,0.0,2925.999318
1372890235,0.0,2925.999318
1372890535,0.0,2925.999318
1372890835,0.0,2925.999318
1372891135,0.0,2925.999318
1372891435,0.0,2925.999318
1372891735,0.0,2925.999318
1372892035,0.0,2925.999318
1372892335,0.0,2925.999318
1372892635,0.0,2925.999318
1372892935,0.0,2925.999318
1372893235,0.0,2925.999318
1372893535,0.0,2925.999318
1372893835,0.0,2925.999318
1372894135,0.0,2925.999318
1372894435,0.0,2925.999318
1372894735,0.0,2925.999318
1372895035,0.0,2925.999318
1372895335,0.0,2925.999318
1372895635,0.0,2925.999318
1372895935,0.0,2925.999318
1372896235,0.0,2925.999318
1372896535,0.0,2925.999318
1372896835,0.0,2925.999318
1372897135,0.0,2925.999318
1372897435,0.0,2925.999318
1372897735,0.0,2925.999318
1372898035,0.0,2925.999318
1372898335,0.0,2925.999318
1372898635,0.0,2925.999318
1372898935,0.0,2925.999318
1372899235,0.0,2925.999318
1372899535,0.0,2925.999318
1372899835,0.0,2925.999318
1372900135,0.0,2925.999318
1372900435,0.0,2925.999318
1372900735,0.0,2925.999318
1372901035,0.0,2925.999318
1372901335,0.0,2925.999318
1372901635,0.0,2925.999318
1372901935,0.0,2925.999318
1372902235,0.0,2925.999318
1372902535,0.0,2925.999318
1372902835,0.0,2925.999318
1372903135,0.0,2925.999318
1372903435,0.0,2925.999318
1372903736,0.0,2925.999318
1372904036,0.0,2925.999318
1372904336,0.0,2925.999318
1372904636,0.0,2925.999318
1372904936,0.0,2925.999318
1372905236,0.0,2925.999318
1372905536,0.0,2925.999318
1372905836,0.0,2925.999318
1372906136,0.0,2925.999318
1372906436,0.0,2925.999318
1372906736,0.0,2925.999318
1372907036,0.0,2925.999318
1372907336,0.0,2925.999318
1372907636,0.0,2925.999318
1372907936,0.0,2925.999318
1372908236,0.0,2925.999318
1372908536,0.0,2925.999318
1372908836,0.0,2925.999318
1372909136,0.0,2925.999318
1372909436,0.0,2925.999318
1372909736,0.0,2925.999318
1372910036,0.0,2925.999318
1372910336,0.0,2925.999318
1372910636,0.0,2925.999318
1372910936,0.0,2925.999318
1372911236,0.0,2925.999318
1372911536,0.0,2925.999318
1372911836,0.0,2925.999318
1372912136,0.0,2925.999318
1372912436,0.0,2925.999318
1372912736,0.0,2925.999318
1372913036,0.0,2925.999318
1372913336,0.0,2925.999318
1372913636,0.0,2925.999318
1372913936,0.0,2925.999318
1372914236,0.0,2925.999318
1372914536,0.0,2925.999318
1372914837,0.0,2925.999318
1372915137,0.0,2925.999318
1372915437,0.0,2925.999318
1372915737,0.0,2925.999318
1372916037,0.0,2925.999318
1372916337,0.0,2925.999318
1372916637,0.0,2925.999318
1372916937,0.0,2925.999318
1372917237,0.0,2925.999318
1372917537,0.0,2925.999318
1372917837,0.0,2925.999318
1372918137,0.0,2925.999318
1372918437,0.0,2925.999318
1372918737,0.0,2925.999318
1372919037,0.0,2925.999318
1372919337,0.0,2925.999318
1372919637,0.0,2925.999318
1372919937,0.0,2925.999318
1372920237,0.0,2925.999318
1372920537,0.0,2925.999318
1372920837,0.0,2925.999318
1372921137,0.0,2925.999318
1372921437,0.0,2925.999318
1372921737,0.0,2925.999318
1372922037,0.0,2925.999318
1372922337,0.0,2925.999318
1372922637,0.0,2925.999318
1372922937,0.0,2925.999318
1372923237,0.0,2925.999318
1372923537,0.0,2925.999318
1372923837,0.0,2925.999318
1372924138,0.0,2925.999318
1372924438,0.0,2925.999318
1372924738,0.0,2925.999318
1372925038,0.0,2925.999318
1372925338,0.0,2925.999318
1372925638,0.0,2925.999318
1372925938,0.0,2925.999318
1372926238,0.0,2925.999318
1372926538,0.0,2925.999318
1372926838,0.0,2925.999318
1372927138,0.0,2925.999318
1372927438,0.0,2925.999318
1372927738,0.0,2925.999318
1372928038,0.0,2925.999318
1372928338,0.0,2925.999318
1372928638,0.0,2925.999318
1372928938,0.0,2925.999318
1372929238,0.0,2925.999318
1372929538,0.0,2925.999318
1372929838,0.0,2925.999318
1372930138,0.0,2925.999318
1372930438,0.0,2925.999318
1372930738,0.0,2925.999318
1372931038,0.0,2925.999318
1372931338,0.0,2925.999318
1372931638,0.0,2925.999318
1372931938,0.0,2925.999318
1372932238,0.0,2925.999318
1372932538,0.0,2925.999318
1372932838,0.0,2925.999318
1372933138,0.0,2925.999318
1372933438,0.0,2925.999318
1372933738,0.0,2925.999318
1372934038,0.0,2925.999318
1372934338,0.0,2925.999318
1372934638,0.0,2925.999318
1372934938,0.0,2925.999318
1372935238,0.0,2925.999318
1372935538,0.0,2925.999318
1372935838,0.0,2925.999318
1372936138,0.0,2925.999318
1372936438,0.0,2925.999318
1372936738,0.0,2925.999318
1372937038,0.0,2925.999318
1372937338,0.0,2925.999318
1372937638,0.0,2925.999318
1372937938,0.0,2925.999318
1372938238,0.0,2925.999318
1372938538,0.0,2925.999318
1372938838,0.0,2925.999318
1372939138,0.0,2925.999318
1372939438,0.0,2925.999318
1372939738,0.0,2925.999318
1372940039,0.0,2925.999318
1372940339,0.0,2925.999318
1372940639,0.0,2925.999318
1372940939,0.0,2925.999318
1372941239,0.0,2925.999318
1372941539,0.0,2925.999318
1372941839,0.0,2925.999318
1372942139,0.0,2925.999318
1372942439,0.0,2925.999318
1372942739,0.0,2925.999318
1372943039,0.0,2925.999318
1372943339,0.0,2925.999318
1372943639,0.0,2925.999318
1372943939,0.0,2925.999318
1372944239,0.0,2925.999318
1372944539,0.0,2925.999318
1372944839,0.0,2925.999318
1372945139,0.0,2925.999318
1372945439,0.0,2925.999318
1372945739,0.0,2925.999318
1372946039,0.0,2925.999318
1372946339,0.0,2925.999318
1372946639,0.0,2925.999318
1372946939,0.0,2925.999318
1372947239,0.0,2925.999318
1372947539,0.0,2925.999318
1372947839,0.0,2925.999318
1372948139,0.0,2925.999318
1372948439,0.0,2925.999318
1372948739,0.0,2925.999318
1372949039,0.0,2925.999318
1372949339,0.0,2925.999318
1372949639,0.0,2925.999318
1372949939,0.0,2925.999318
1372950239,0.0,2925.999318
1372950539,0.0,2925.999318
1372950839,0.0,2925.999318
1372951139,0.0,2925.999318
1372951439,0.0,2925.999318
1372951740,0.0,2925.999318
1372952040,0.0,2925.999318
1372952340,0.0,2925.999318
1372952640,0.0,2925.999318
1372952940,0.0,2925.999318
1372953240,0.0,2925.999318
1372953540,0.0,2925.999318
1372953840,0.0,2925.999318
1372954140,0.0,2925.999318
1372954440,0.0,2925.999318
1372954740,0.0,2925.999318
1372955040,0.0,2925.999318
1372955340,0.0,2925.999318
1372955640,0.0,2925.999318
1372955940,0.0,2925.999318
1372956240,0.0,2925.999318
1372956540,0.0,2925.999318
1372956840,0.0,2925.999318
1372957140,0.0,2925.999318
1372957440,0.0,2925.999318
1372957740,0.0,2925.999318
1372958040,0.0,2925.999318
1372958340,0.0,2925.999318
1372958640,0.0,2925.999318
1372958940,0.0,2925.999318
1372959240,0.0,2925.999318
1372959541,0.0,2925.999318
1372959841,0.0,2925.999318
1372960141,0.0,2925.999318
1372960441,0.0,2925.999318
1372960741,0.0,2925.999318
1372961041,0.0,2925.999318
1372961341,0.0,2925.999318
1372961641,0.0,2925.999318
1372961941,0.0,2925.999318
1372962241,0.0,2925.999318
1372962541,0.0,2925.999318
1372962841,0.0,2925.999318
1372963141,0.0,2925.999318
1372963441,0.0,2925.999318
1372963741,0.0,2925.999318
1372964041,0.0,2925.999318
1372964341,0.0,2925.999318
1372964641,0.0,2925.999318
1372964941,0.0,2925.999318
1372965241,0.0,2925.999318
1372965541,0.0,2925.999318
1372965841,0.0,2925.999318
1372966141,0.0,2925.999318
1372966441,0.0,2925.999318
1372966741,0.0,2925.999318
1372967041,0.0,2925.999318
1372967341,0.0,2925.999318
1372967641,0.0,2925.999318
1372967941,0.0,2925.999318
1372968241,0.0,2925.999318
1372968541,0.0,2925.999318
1372968841,0.0,2925.999318
1372969141,0.0,2925.999318
1372969441,0.0,2925.999318
1372969741,0.0,2925.999318
1372970041,0.0,2925.999318
1372970341,0.0,2925.999318
1372970642,0.0,2925.999318
1372970942,0.0,2925.999318
1372971242,0.0,2925.999318
1372971542,0.0,2925.999318
1372971842,0.0,2925.999318
1372972142,0.0,2925.999318
1372972442,0.0,2925.999318
1372972742,0.0,2925.999318
1372973042,0.0,2925.999318
1372973342,0.0,2925.999318
1372973642,0.0,2925.999318
1372973942,0.0,2925.999318
1372974242,0.0,2925.999318
1372974542,0.0,2925.999318
1372974842,0.0,2925.999318
1372975142,0.0,2925.999318
1372975442,0.0,2925.999318
1372975742,0.0,2925.999318
1372976042,0.0,2925.999318
1372976342,0.0,2925.999318
1372976642,0.0,2925.999318
1372976942,0.0,2925.999318
1372977242,0.0,2925.999318
1372977542,0.0,2925.999318
1372977842,0.0,2925.999318
1372978142,0.0,2925.999318
1372978442,0.0,2925.999318
1372978742,0.0,2925.999318
1372979042,0.0,2925.999318
1372979342,0.0,2925.999318
1372979642,0.0,2925.999318
1372979942,0.0,2925.999318
1372980242,0.0,2925.999318
1372980542,0.0,2925.999318
1372980842,0.0,2925.999318
1372981142,0.0,2925.999318
1372981442,0.0,2925.999318
1372981742,0.0,2925.999318
1372982042,0.0,2925.999318
1372982342,0.0,2925.999318
1372982642,0.0,2925.999318
1372982943,0.0,2925.999318
1372983243,0.0,2925.999318
1372983543,0.0,2925.999318
1372983843,0.0,2925.999318
1372984143,0.0,2925.999318
1372984443,0.0,2925.999318
1372984743,0.0,2925.999318
1372985043,0.0,2925.999318
1372985343,0.0,2925.999318
1372985643,0.0,2925.999318
1372985943,0.0,2925.999318
1372986243,0.0,2925.999318
1372986543,0.0,2925.999318
1372986843,0.0,2925.999318
1372987143,0.0,2925.999318
1372987443,0.0,2925.999318
1372987743,0.0,2925.999318
1372988043,0.0,2925.999318
1372988343,0.0,2925.999318
1372988643,0.0,2925.999318
1372988943,0.0,2925.999318
1372989243,0.0,2925.999318
1372989543,0.0,2925.999318
1372989843,0.0,2925.999318
1372990143,0.0,2925.999318
1372990443,0.0,2925.999318
1372990743,0.0,2925.999318
1372991043,0.0,2925.999318
1372991343,0.0,2925.999318
1372991643,0.0,2925.999318
1372991943,0.0,2925.999318
1372992244,0.0,2925.999318
1372992544,0.0,2925.999318
1372992844,0.0,2925.999318
1372993144,0.0,2925.999318
1372993444,0.0,2925.999318
1372993744,0.0,2925.999318
1372994044,0.0,2925.999318
1372994344,0.0,2925.999318
1372994644,0.0,2925.999318
1372994944,0.0,2925.999318
1372995244,0.0,2925.999318
1372995544,0.0,2925.999318
1372995844,0.0,2925.999318
1372996144,0.0,2925.999318
1372996444,0.0,2925.999318
1372996744,0.0,2925.999318
1372997044,0.0,2925.999318
1372997344,0.0,2925.999318
1372997644,0.0,2925.999318
1372997944,0.0,2925.999318
1372998244,0.0,2925.999318
1372998544,0.0,2925.999318
1372998844,0.0,2925.999318
1372999144,0.0,2925.999318
1372999444,0.0,2925.999318
1372999744,0.0,2925.999318
1373000044,0.0,2925.999318
1373000344,0.0,2925.999318
1373000644,0.0,2925.999318
1373000944,0.0,2925.999318
1373001244,0.0,2925.999318
1373001544,0.0,2925.999318
1373001844,0.0,2925.999318
1373002144,0.0,2925.999318
1373002444,0.0,2925.999318
1373002744,0.0,2925.999318
1373003044,0.0,2925.999318
1373003344,0.0,2925.999318
1373003644,0.0,2925.999318
1373003944,0.0,2925.999318
1373004245,0.0,2925.999318
1373004545,0.0,2925.999318
1373004845,0.0,2925.999318
1373005145,0.0,2925.999318
1373005445,0.0,2925.999318
1373005745,0.0,2925.999318
1373006045,0.0,2925.999318
1373006345,0.0,2925.999318
1373006645,0.0,2925.999318
1373006945,0.0,2925.999318
1373007245,0.0,2925.999318
1373007545,0.0,2925.999318
1373007845,0.0,2925.999318
1373008145,0.0,2925.999318
1373008445,0.0,2925.999318
1373008745,0.0,2925.999318
1373009045,0.0,2925.999318
1373009345,0.0,2925.999318
1373009645,0.0,2925.999318
1373009945,0.0,2925.999318
1373010245,0.0,2925.999318
1373010545,0.0,2925.999318
1373010845,0.0,2925.999318
1373011145,0.0,2925.999318
1373011445,0.0,2925.999318
1373011745,0.0,2925.999318
1373012045,0.0,2925.999318
1373012345,0.0,2925.999318
1373012645,0.0,2925.999318
1373012945,0.0,2925.999318
1373013245,0.0,2925.999318
1373013545,0.0,2925.999318
1373013845,0.0,2925.999318
1373014145,0.0,2925.999318
1373014445,0.0,2925.999318
1373014745,0.0,2925.999318
1373015045,0.0,2925.999318
1373015345,0.0,2925.999318
1373015645,0.0,2925.999318
1373015946,0.0,2925.999318
1373016246,0.0,2925.999318
1373016546,0.0,2925.999318
1373016846,0.0,2925.999318
1373017146,0.0,2925.999318
1373017446,0.0,2925.999318
1373017746,0.0,2925.999318
1373018046,0.0,2925.999318
1373018346,0.0,2925.999318
1373018646,0.0,2925.999318
1373018946,0.0,2925.999318
1373019246,0.0,2925.999318
1373019546,0.0,2925.999318
1373019846,0.0,2925.999318
1373020146,0.0,2925.999318
1373020446,0.0,2925.999318
1373020746,0.0,2925.999318
1373021046,0.0,2925.999318
1373021346,0.0,2925.999318
1373021646,0.0,2925.999318
1373021946,0.0,2925.999318
1373022246,0.0,2925.999318
1373022546,0.0,2925.999318
1373022846,0.0,2925.999318
1373023146,0.0,2925.999318
1373023446,0.0,2925.999318
1373023746,0.0,2925.999318
1373024047,0.0,2925.999318
1373024347,0.0,2925.999318
1373024647,0.0,2925.999318
1373024947,0.0,2925.999318
1373025247,0.0,2925.999318
1373025547,0.0,2925.999318
1373025847,0.0,2925.999318
1373026147,0.0,2925.999318
1373026447,0.0,2925.999318
1373026747,0.0,2925.999318
1373027047,0.0,2925.999318
1373027347,0.0,2925.999318
1373027647,0.0,2925.999318
1373027947,0.0,2925.999318
1373028247,0.0,2925.999318
1373028547,0.0,2925.999318
1373028847,0.0,2925.999318
1373029147,0.0,2925.999318
1373029447,0.0,2925.999318
1373029747,0.0,2925.999318
1373030047,0.0,2925.999318
1373030347,0.0,2925.999318
1373030647,0.0,2925.999318
1373030947,0.0,2925.999318
1373031247,0.0,2925.999318
1373031547,0.0,2925.999318
1373031847,0.0,2925.999318
1373032147,0.0,2925.999318
1373032447,0.0,2925.999318
1373032747,0.0,2925.999318
1373033047,0.0,2925.999318
1373033347,0.0,2925.999318
1373033647,0.0,2925.999318
1373033948,0.0,2925.999318
1373034248,0.0,2925.999318
1373034548,0.0,2925.999318
1373034848,0.0,2925.999318
1373035148,0.0,2925.999318
1373035448,0.0,2925.999318
1373035748,0.0,2925.999318
1373036048,0.0,2925.999318
1373036348,0.0,2925.999318
1373036648,0.0,2925.999318
1373036948,0.0,2925.999318
1373037248,0.0,2925.999318
1373037548,0.0,2925.999318
1373037848,0.0,2925.999318
1373038148,0.0,2925.999318
1373038448,0.0,2925.999318
1373038748,0.0,2925.999318
1373039048,0.0,2925.999318
1373039348,0.0,2925.999318
1373039648,0.0,2925.999318
1373039948,0.0,2925.999318
1373040248,0.0,2925.999318
1373040548,0.0,2925.999318
1373040848,0.0,2925.999318
1373041149,0.0,2925.999318
1373041449,0.0,2925.999318
1373041749,0.0,2925.999318
1373042049,0.0,2925.999318
1373042349,0.0,2925.999318
1373042649,0.0,2925.999318
1373042949,0.0,2925.999318
1373043249,0.0,2925.999318
1373043549,0.0,2925.999318
1373043849,0.0,2925.999318
1373044149,0.0,2925.999318
1373044449,0.0,2925.999318
1373044749,0.0,2925.999318
1373045049,0.0,2925.999318
1373045349,0.0,2925.999318
1373045649,0.0,2925.999318
1373045949,0.0,2925.999318
1373046249,0.0,2925.999318
1373046549,0.0,2925.999318
1373046849,0.0,2925.999318
1373047149,0.0,2925.999318
1373047449,0.0,2925.999318
1373047749,0.0,2925.999318
1373048049,0.0,2925.999318
1373048349,0.0,2925.999318
1373048649,0.0,2925.999318
1373048949,0.0,2925.999318
1373049249,0.0,2925.999318
1373049549,0.0,2925.999318
1373049849,0.0,2925.999318
1373050149,0.0,2925.999318
1373050449,0.0,2925.999318
1373050749,0.0,2925.999318
1373051049,0.0,2925.999318
1373051350,0.0,2925.999318
1373051650,0.0,2925.999318
1373051950,0.0,2925.999318
1373052250,0.0,2925.999318
1373052550,0.0,2925.999318
1373052850,0.0,2925.999318
1373053150,0.0,2925.999318
1373053450,0.0,2925.999318
1373053750,0.0,2925.999318
1373054050,0.0,2925.999318
1373054350,0.0,2925.999318
1373054650,0.0,2925.999318
1373054950,0.0,2925.999318
1373055250,0.0,2925.999318
1373055550,0.0,2925.999318
1373055850,0.0,2925.999318
1373056150,0.0,2925.999318
1373056450,0.0,2925.999318
1373056750,0.0,2925.999318
1373057050,0.0,2925.999318
1373057350,0.0,2925.999318
1373057650,0.0,2925.999318
1373057950,0.0,2925.999318
1373058250,0.0,2925.999318
1373058550,0.0,2925.999318
1373058850,0.0,2925.999318
1373059150,0.0,2925.999318
1373059450,0.0,2925.999318
1373059750,0.0,2925.999318
1373060050,0.0,2925.999318
1373060350,0.0,2925.999318
1373060650,0.0,2925.999318
1373060950,0.0,2925.999318
1373061250,0.0,2925.999318
1373061550,0.0,2925.999318
1373061850,0.0,2925.999318
1373062150,0.0,2925.999318
1373062450,0.0,2925.999318
1373062750,0.0,2925.999318
1373063050,0.0,2925.999318
1373063350,0.0,2925.999318
1373063650,0.0,2925.999318
1373063950,0.0,2925.999318
1373064250,0.0,2925.999318
1373064550,0.0,2925.999318
1373064850,0.0,2925.999318
1373065151,0.0,2925.999318
1373065451,0.0,2925.999318
1373065751,0.0,2925.999318
1373066051,0.0,2925.999318
1373066351,0.0,2925.999318
1373066651,0.0,2925.999318
1373066951,0.0,2925.999318
1373067251,0.0,2925.999318
1373067551,0.0,2925.999318
1373067851,0.0,2925.999318
1373068151,0.0,2925.999318
1373068451,0.0,2925.999318
1373068751,0.0,2925.999318
1373069051,0.0,2925.999318
1373069351,0.0,2925.999318
1373069651,0.0,2925.999318
1373069951,0.0,2925.999318
1373070251,0.0,2925.999318
1373070551,0.0,2925.999318
1373070851,0.0,2925.999318
1373071151,0.0,2925.999318
1373071451,0.0,2925.999318
1373071751,0.0,2925.999318
1373072051,0.0,2925.999318
1373072351,0.0,2925.999318
1373072651,0.0,2925.999318
1373072951,0.0,2925.999318
1373073251,0.0,2925.999318
1373073551,0.0,2925.999318
1373073851,0.0,2925.999318
1373074151,0.0,2925.999318
1373074451,0.0,2925.999318
1373074751,0.0,2925.999318
1373075051,0.0,2925.999318
1373075351,0.0,2925.999318
1373075651,0.0,2925.999318
1373075952,0.0,2925.999318
1373076252,0.0,2925.999318
1373076552,0.0,2925.999318
1373076852,0.0,2925.999318
1373077152,0.0,2925.999318
1373077452,0.0,2925.999318
1373077752,0.0,2925.999318
1373078052,0.0,2925.999318
1373078352,0.0,2925.999318
1373078652,0.0,2925.999318
1373078952,0.0,2925.999318
1373079252,0.0,2925.999318
1373079552,0.0,2925.999318
1373079852,0.0,2925.999318
1373080152,0.0,2925.999318
1373080452,0.0,2925.999318
1373080752,0.0,2925.999318
1373081052,0.0,2925.999318
1373081352,0.0,2925.999318
1373081652,0.0,2925.999318
1373081952,0.0,2925.999318
1373082252,0.0,2925.999318
1373082552,0.0,2925.999318
1373082852,0.0,2925.999318
1373083152,0.0,2925.999318
1373083452,0.0,2925.999318
1373083752,0.0,2925.999318
1373084052,0.0,2925.999318
1373084352,0.0,2925.999318
1373084652,0.0,2925.999318
1373084952,0.0,2925.999318
1373085252,0.0,2925.999318
1373085552,0.0,2925.999318
1373085852,0.0,2925.999318
1373086152,0.0,2925.999318
1373086452,0.0,2925.999318
1373086752,0.0,2925.999318
1373087052,0.0,2925.999318
1373087352,0.0,2925.999318
1373087652,0.0,2925.999318
1373087952,0.0,2925.999318
1373088252,0.0,2925.999318
1373088552,0.0,2925.999318
1373088852,0.0,2925.999318
1373089153,0.0,2925.999318
1373089453,0.0,2925.999318
1373089753,0.0,2925.999318
1373090053,0.0,2925.999318
1373090353,0.0,2925.999318
1373090653,0.0,2925.999318
1373090953,0.0,2925.999318
1373091253,0.0,2925.999318
1373091553,0.0,2925.999318
1373091853,0.0,2925.999318
1373092153,0.0,2925.999318
1373092453,0.0,2925.999318
1373092753,0.0,2925.999318
1373093053,0.0,2925.999318
1373093353,0.0,2925.999318
1373093652,0.0,2925.999318
1373093952,0.0,2925.999318
1373094252,0.0,2925.999318
1373094552,0.0,2925.999318
1373094852,0.0,2925.999318
1373095152,0.0,2925.999318
1373095453,0.0,2925.999318
1373095753,0.0,2925.999318
1373096053,0.0,2925.999318
1373096353,0.0,2925.999318
1373096653,0.0,2925.999318
1373096953,0.0,2925.999318
1373097253,0.0,2925.999318
1373097553,0.0,2925.999318
1373097853,0.0,2925.999318
1373098153,0.0,2925.999318
1373098453,0.0,2925.999318
1373098753,0.0,2925.999318
1373099053,0.0,2925.999318
1373099353,0.0,2925.999318
1373099653,0.0,2925.999318
1373099953,0.0,2925.999318
1373100253,0.0,2925.999318
1373100553,0.0,2925.999318
1373100853,0.0,2925.999318
1373101153,0.0,2925.999318
1373101453,0.0,2925.999318
1373101753,0.0,2925.999318
1373102053,0.0,2925.999318
1373102353,0.0,2925.999318
1373102653,0.0,2925.999318
1373102953,0.0,2925.999318
1373103253,0.0,2925.999318
1373103553,0.0,2925.999318
1373103853,0.0,2925.999318
1373104153,0.0,2925.999318
1373104453,0.0,2925.999318
1373104753,0.0,2925.999318
1373105053,0.0,2925.999318
1373105354,0.0,2925.999318
1373105654,0.0,2925.999318
1373105954,0.0,2925.999318
1373106254,0.0,2925.999318
1373106554,0.0,2925.999318
1373106854,0.0,2925.999318
1373107154,0.0,2925.999318
1373107454,0.0,2925.999318
1373107754,0.0,2925.999318
1373108054,0.0,2925.999318
1373108354,0.0,2925.999318
1373108654,0.0,2925.999318
1373108954,0.0,2925.999318
1373109254,0.0,2925.999318
1373109554,0.0,2925.999318
1373109854,0.0,2925.999318
1373110154,0.0,2925.999318
1373110454,0.0,2925.999318
1373110754,0.0,2925.999318
1373111054,0.0,2925.999318
1373111354,0.0,2925.999318
1373111654,0.0,2925.999318
1373111954,0.0,2925.999318
1373112254,0.0,2925.999318
1373112554,0.0,2925.999318
1373112854,0.0,2925.999318
1373113154,0.0,2925.999318
1373113454,0.0,2925.999318
1373113754,0.0,2925.999318
1373114054,0.0,2925.999318
1373114354,0.0,2925.999318
1373114654,0.0,2925.999318
1373114954,0.0,2925.999318
1373115254,0.0,2925.999318
1373115554,0.0,2925.999318
1373115854,0.0,2925.999318
1373116155,0.0,2925.999318
1373116455,0.0,2925.999318
1373116755,0.0,2925.999318
1373117055,0.0,2925.999318
1373117355,0.0,2925.999318
1373117655,0.0,2925.999318
1373117955,0.0,2925.999318
1373118255,0.0,2925.999318
1373118555,0.0,2925.999318
1373118855,0.0,2925.999318
1373119155,0.0,2925.999318
1373119455,0.0,2925.999318
1373119755,0.0,2925.999318
1373120055,0.0,2925.999318
1373120355,0.0,2925.999318
1373120655,0.0,2925.999318
1373120955,0.0,2925.999318
1373121255,0.0,2925.999318
1373121555,0.0,2925.999318
1373121855,0.0,2925.999318
1373122155,0.0,2925.999318
1373122455,0.0,2925.999318
1373122755,0.0,2925.999318
1373123055,0.0,2925.999318
1373123355,0.0,2925.999318
1373123655,0.0,2925.999318
1373123955,0.0,2925.999318
1373124255,0.0,2925.999318
1373124555,0.0,2925.999318
1373124855,0.0,2925.999318
1373125155,0.0,2925.999318
1373125455,0.0,2925.999318
1373125755,0.0,2925.999318
1373126055,0.0,2925.999318
1373126355,0.0,2925.999318
1373126655,0.0,2925.999318
1373126955,0.0,2925.999318
1373127255,0.0,2925.999318
1373127555,0.0,2925.999318
1373127855,0.0,2925.999318
1373128155,0.0,2925.999318
1373128455,0.0,2925.999318
1373128755,0.0,2925.999318
1373129055,0.0,2925.999318
1373129355,0.0,2925.999318
1373129655,0.0,2925.999318
1373129955,0.0,2925.999318
1373130255,0.0,2925.999318
1373130555,0.0,2925.999318
1373130855,0.0,2925.999318
1373131155,0.0,2925.999318
1373131455,0.0,2925.999318
1373131755,0.0,2925.999318
1373132055,0.0,2925.999318
1373132355,0.0,2925.999318
1373132655,0.0,2925.999318
1373132955,0.0,2925.999318
1373133255,0.0,2925.999318
1373133555,0.0,2925.999318
1373133855,0.0,2925.999318
1373134155,0.0,2925.999318
1373134455,0.0,2925.999318
1373134756,0.0,2925.999318
1373135056,0.0,2925.999318
1373135356,0.0,2925.999318
1373135656,0.0,2925.999318
1373135956,0.0,2925.999318
1373136256,0.0,2925.999318
1373136556,0.0,2925.999318
1373136856,0.0,2925.999318
1373137156,0.0,2925.999318
1373137456,0.0,2925.999318
1373137756,0.0,2925.999318
1373138056,0.0,2925.999318
1373138356,0.0,2925.999318
1373138656,0.0,2925.999318
1373138956,0.0,2925.999318
1373139256,0.0,2925.999318
1373139556,0.0,2925.999318
1373139856,0.0,2925.999318
1373140156,0.0,2925.999318
1373140456,0.0,2925.999318
1373140756,0.0,2925.999318
1373141056,0.0,2925.999318
1373141356,0.0,2925.999318
1373141656,0.0,2925.999318
1373141956,0.0,2925.999318
1373142256,0.0,2925.999318
1373142556,0.0,2925.999318
1373142856,0.0,2925.999318
1373143156,0.0,2925.999318
1373143456,0.0,2925.999318
1373143756,0.0,2925.999318
1373144056,0.0,2925.999318
1373144356,0.0,2925.999318
1373144656,0.0,2925.999318
1373144956,0.0,2925.999318
1373145256,0.0,2925.999318
1373145556,0.0,2925.999318
1373145856,0.0,2925.999318
1373146156,0.0,2925.999318
1373146456,0.0,2925.999318
1373146756,0.0,2925.999318
1373147056,0.0,2925.999318
1373147356,0.0,2925.999318
1373147657,0.0,2925.999318
1373147957,0.0,2925.999318
1373148257,0.0,2925.999318
1373148557,0.0,2925.999318
1373148857,0.0,2925.999318
1373149157,0.0,2925.999318
1373149457,0.0,2925.999318
1373149757,0.0,2925.999318
1373150057,0.0,2925.999318
1373150357,0.0,2925.999318
1373150657,0.0,2925.999318
1373150957,0.0,2925.999318
1373151257,0.0,2925.999318
1373151557,0.0,2925.999318
1373151857,0.0,2925.999318
1373152157,0.0,2925.999318
1373152457,0.0,2925.999318
1373152757,0.0,2925.999318
1373153057,0.0,2925.999318
1373153357,0.0,2925.999318
1373153657,0.0,2925.999318
1373153957,0.0,2925.999318
1373154257,0.0,2925.999318
1373154557,0.0,2925.999318
1373154857,0.0,2925.999318
1373155157,0.0,2925.999318
1373155457,0.0,2925.999318
1373155757,0.0,2925.999318
1373156057,0.0,2925.999318
1373156357,0.0,2925.999318
1373156657,0.0,2925.999318
1373156957,0.0,2925.999318
1373157257,0.0,2925.999318
1373157557,0.0,2925.999318
1373157857,0.0,2925.999318
1373158157,0.0,2925.999318
1373158457,0.0,2925.999318
1373158757,0.0,2925.999318
1373159057,0.0,2925.999318
1373159357,0.0,2925.999318
1373159657,0.0,2925.999318
1373159957,0.0,2925.999318
1373160257,0.0,2925.999318
1373160557,0.0,2925.999318
1373160857,0.0,2925.999318
1373161157,0.0,2925.999318
1373161457,0.0,2925.999318
1373161757,0.0,2925.999318
1373162057,0.0,2925.999318
1373162357,0.0,2925.999318
1373162657,0.0,2925.999318
1373162957,0.0,2925.999318
1373163257,0.0,2925.999318
1373163557,0.0,2925.999318
1373163857,0.0,2925.999318
1373164157,0.0,2925.999318
1373164457,0.0,2925.999318
1373164757,0.0,2925.999318
1373165057,0.0,2925.999318
1373165357,0.0,2925.999318
1373165657,0.0,2925.999318
1373165957,0.0,2925.999318
1373166257,0.0,2925.999318
1373166557,0.0,2925.999318
1373166857,0.0,2925.999318
1373167157,0.0,2925.999318
1373167457,0.0,2925.999318
1373167757,0.0,2925.999318
1373168057,0.0,2925.999318
1373168357,0.0,2925.999318
1373168658,0.0,2925.999318
1373168958,0.0,2925.999318
1373169258,0.0,2925.999318
1373169558,0.0,2925.999318
1373169858,0.0,2925.999318
1373170158,0.0,2925.999318
1373170458,0.0,2925.999318
1373170758,0.0,2925.999318
1373171058,0.0,2925.999318
1373171358,0.0,2925.999318
1373171658,0.0,2925.999318
1373171958,0.0,2925.999318
1373172258,0.0,2925.999318
1373172558,0.0,2925.999318
1373172858,0.0,2925.999318
1373173158,0.0,2925.999318
1373173458,0.0,2925.999318
1373173758,0.0,2925.999318
1373174058,0.0,2925.999318
1373174358,0.0,2925.999318
1373174658,0.0,2925.999318
1373174958,0.0,2925.999318
1373175258,0.0,2925.999318
1373175558,0.0,2925.999318
1373175858,0.0,2925.999318
1373176158,0.0,2925.999318
1373176458,0.0,2925.999318
1373176758,0.0,2925.999318
1373177058,0.0,2925.999318
1373177358,0.0,2925.999318
1373177658,0.0,2925.999318
1373177958,0.0,2925.999318
1373178259,0.0,2925.999318
1373178559,0.0,2925.999318
1373178859,0.0,2925.999318
1373179159,0.0,2925.999318
1373179459,0.0,2925.999318
1373179759,0.0,2925.999318
1373180059,0.0,2925.999318
1373180359,0.0,2925.999318
1373180659,0.0,2925.999318
1373180959,0.0,2925.999318
1373181259,0.0,2925.999318
1373181559,0.0,2925.999318
1373181859,0.0,2925.999318
1373182159,0.0,2925.999318
1373182459,0.0,2925.999318
1373182759,0.0,2925.999318
1373183059,0.0,2925.999318
1373183359,0.0,2925.999318
1373183659,0.0,2925.999318
1373183959,0.0,2925.999318
1373184259,0.0,2925.999318
1373184559,0.0,2925.999318
1373184859,0.0,2925.999318
1373185159,0.0,2925.999318
1373185459,0.0,2925.999318
1373185759,0.0,2925.999318
1373186059,0.0,2925.999318
1373186359,0.0,2925.999318
1373186659,0.0,2925.999318
1373186959,0.0,2925.999318
1373187259,0.0,2925.999318
1373187559,0.0,2925.999318
1373187859,0.0,2925.999318
1373188159,0.0,2925.999318
1373188459,0.0,2925.999318
1373188759,0.0,2925.999318
1373189059,0.0,2925.999318
1373189359,0.0,2925.999318
1373189660,0.0,2925.999318
1373189960,0.0,2925.999318
1373190260,0.0,2925.999318
1373190560,0.0,2925.999318
1373190860,0.0,2925.999318
1373191160,0.0,2925.999318
1373191459,0.0,2925.999318
1373191759,0.0,2925.999318
1373192059,0.0,2925.999318
1373192359,0.0,2925.999318
1373192659,0.0,2925.999318
1373192959,0.0,2925.999318
1373193259,0.0,2925.999318
1373193559,0.0,2925.999318
1373193859,0.0,2925.999318
1373194159,0.0,2925.999318
1373194459,0.0,2925.999318
1373194759,0.0,2925.999318
1373195060,0.0,2925.999318
1373195360,0.0,2925.999318
1373195660,0.0,2925.999318
1373195960,0.0,2925.999318
1373196260,0.0,2925.999318
1373196560,0.0,2925.999318
1373196860,0.0,2925.999318
1373197160,0.0,2925.999318
1373197460,0.0,2925.999318
1373197760,0.0,2925.999318
1373198060,0.0,2925.999318
1373198360,0.0,2925.999318
1373198660,0.0,2925.999318
1373198960,0.0,2925.999318
1373199260,0.0,2925.999318
1373199560,0.0,2925.999318
1373199860,0.0,2925.999318
1373200160,0.0,2925.999318
1373200460,0.0,2925.999318
1373200760,0.0,2925.999318
1373201060,0.0,2925.999318
1373201360,0.0,2925.999318
1373201660,0.0,2925.999318
1373201960,0.0,2925.999318
1373202260,0.0,2925.999318
1373202560,0.0,2925.999318
1373202860,0.0,2925.999318
1373203160,0.0,2925.999318
1373203460,0.0,2925.999318
1373203760,0.0,2925.999318
1373204060,0.0,2925.999318
1373204360,0.0,2925.999318
1373204661,0.0,2925.999318
1373204961,0.0,2925.999318
1373205261,0.0,2925.999318
1373205561,0.0,2925.999318
1373205861,0.0,2925.999318
1373206161,0.0,2925.999318
1373206461,0.0,2925.999318
1373206761,0.0,2925.999318
1373207061,0.0,2925.999318
1373207361,0.0,2925.999318
1373207661,0.0,2925.999318
1373207961,0.0,2925.999318
1373208261,0.0,2925.999318
1373208561,0.0,2925.999318
1373208861,0.0,2925.999318
1373209161,0.0,2925.999318
1373209461,0.0,2925.999318
1373209761,0.0,2925.999318
1373210061,0.0,2925.999318
1373210361,0.0,2925.999318
1373210661,0.0,2925.999318
1373210961,0.0,2925.999318
1373211261,0.0,2925.999318
1373211561,0.0,2925.999318
1373211861,0.0,2925.999318
1373212161,0.0,2925.999318
1373212461,0.0,2925.999318
1373212761,0.0,2925.999318
1373213062,0.0,2925.999318
1373213362,0.0,2925.999318
1373213662,0.0,2925.999318
1373213962,0.0,2925.999318
1373214262,0.0,2925.999318
1373214562,0.0,2925.999318
1373214862,0.0,2925.999318
1373215162,0.0,2925.999318
1373215462,0.0,2925.999318
1373215762,0.0,2925.999318
1373216062,0.0,2925.999318
1373216362,0.0,2925.999318
1373216662,0.0,2925.999318
1373216962,0.0,2925.999318
1373217262,0.0,2925.999318
1373217562,0.0,2925.999318
1373217862,0.0,2925.999318
1373218162,0.0,2925.999318
1373218462,0.0,2925.999318
1373218762,0.0,2925.999318
1373219062,0.0,2925.999318
1373219362,0.0,2925.999318
1373219662,0.0,2925.999318
1373219962,0.0,2925.999318
1373220262,0.0,2925.999318
1373220562,0.0,2925.999318
1373220862,0.0,2925.999318
1373221162,0.0,2925.999318
1373221462,0.0,2925.999318
1373221762,0.0,2925.999318
1373222062,0.0,2925.999318
1373222362,0.0,2925.999318
1373222662,0.0,2925.999318
1373222963,0.0,2925.999318
1373223263,0.0,2925.999318
1373223563,0.0,2925.999318
1373223863,0.0,2925.999318
1373224162,0.0,2925.999318
1373224462,0.0,2925.999318
1373224762,0.0,2925.999318
1373225062,0.0,2925.999318
1373225362,0.0,2925.999318
1373225662,0.0,2925.999318
1373225962,0.0,2925.999318
1373226262,0.0,2925.999318
1373226562,0.0,2925.999318
1373226862,0.0,2925.999318
1373227162,0.0,2925.999318
1373227462,0.0,2925.999318
1373227762,0.0,2925.999318
1373228062,0.0,2925.999318
1373228362,0.0,2925.999318
1373228662,0.0,2925.999318
1373228963,0.0,2925.999318
1373229263,0.0,2925.999318
1373229563,0.0,2925.999318
1373229863,0.0,2925.999318
1373230163,0.0,2925.999318
1373230463,0.0,2925.999318
1373230763,0.0,2925.999318
1373231063,0.0,2925.999318
1373231363,0.0,2925.999318
1373231663,0.0,2925.999318
1373231963,0.0,2925.999318
1373232263,0.0,2925.999318
1373232563,0.0,2925.999318
1373232863,0.0,2925.999318
1373233163,0.0,2925.999318
1373233463,0.0,2925.999318
1373233763,0.0,2925.999318
1373234063,0.0,2925.999318
1373234363,0.0,2925.999318
1373234663,0.0,2925.999318
1373234963,0.0,2925.999318
1373235263,0.0,2925.999318
1373235563,0.0,2925.999318
1373235863,0.0,2925.999318
1373236163,0.0,2925.999318
1373236463,0.0,2925.999318
1373236763,0.0,2925.999318
1373237063,0.0,2925.999318
1373237363,0.0,2925.999318
1373237663,0.0,2925.999318
1373237964,0.0,2925.999318
1373238264,0.0,2925.999318
1373238564,0.0,2925.999318
1373238864,0.0,2925.999318
1373239164,0.0,2925.999318
1373239464,0.0,2925.999318
1373239764,0.0,2925.999318
1373240064,0.0,2925.999318
1373240364,0.0,2925.999318
1373240664,0.0,2925.999318
1373240964,0.0,2925.999318
1373241264,0.0,2925.999318
1373241564,0.0,2925.999318
1373241864,0.0,2925.999318
1373242164,0.0,2925.999318
1373242464,0.0,2925.999318
1373242764,0.0,2925.999318
1373243064,0.0,2925.999318
1373243364,0.0,2925.999318
1373243664,0.0,2925.999318
1373243964,0.0,2925.999318
1373244264,0.0,2925.999318
1373244564,0.0,2925.999318
1373244864,0.0,2925.999318
1373245164,0.0,2925.999318
1373245464,0.0,2925.999318
1373245764,0.0,2925.999318
1373246064,0.0,2925.999318
1373246364,0.0,2925.999318
1373246664,0.0,2925.999318
1373246965,0.0,2925.999318
1373247265,0.0,2925.999318
1373247565,0.0,2925.999318
1373247865,0.0,2925.999318
1373248165,0.0,2925.999318
1373248465,0.0,2925.999318
1373248765,0.0,2925.999318
1373249065,0.0,2925.999318
1373249365,0.0,2925.999318
1373249665,0.0,2925.999318
1373249965,0.0,2925.999318
1373250265,0.0,2925.999318
1373250565,0.0,2925.999318
1373250865,0.0,2925.999318
1373251165,0.0,2925.999318
1373251465,0.0,2925.999318
1373251765,0.0,2925.999318
1373252065,0.0,2925.999318
1373252365,0.0,2925.999318
1373252665,0.0,2925.999318
1373252965,0.0,2925.999318
1373253265,0.0,2925.999318
1373253565,0.0,2925.999318
1373253865,0.0,2925.999318
1373254165,0.0,2925.999318
1373254465,0.0,2925.999318
1373254765,0.0,2925.999318
1373255065,0.0,2925.999318
1373255365,0.0,2925.999318
1373255666,0.0,2925.999318
1373255966,0.0,2925.999318
1373256266,0.0,2925.999318
1373256566,0.0,2925.999318
1373256865,0.0,2925.999318
1373257165,0.0,2925.999318
1373257465,0.0,2925.999318
1373257765,0.0,2925.999318
1373258065,0.0,2925.999318
1373258365,0.0,2925.999318
1373258665,0.0,2925.999318
1373258965,0.0,2925.999318
1373259265,0.0,2925.999318
1373259565,0.0,2925.999318
1373259865,0.0,2925.999318
1373260165,0.0,2925.999318
1373260465,0.0,2925.999318
1373260766,0.0,2925.999318
1373261066,0.0,2925.999318
1373261366,0.0,2925.999318
1373261666,0.0,2925.999318
1373261966,0.0,2925.999318
1373262266,0.0,2925.999318
1373262566,0.0,2925.999318
1373262866,0.0,2925.999318
1373263166,0.0,2925.999318
1373263466,0.0,2925.999318
1373263766,0.0,2925.999318
1373264066,0.0,2925.999318
1373264366,0.0,2925.999318
1373264666,0.0,2925.999318
1373264966,0.0,2925.999318
1373265266,0.0,2925.999318
1373265566,0.0,2925.999318
1373265866,0.0,2925.999318
1373266166,0.0,2925.999318
1373266466,0.0,2925.999318
1373266766,0.0,2925.999318
1373267066,0.0,2925.999318
1373267366,0.0,2925.999318
1373267666,0.0,2925.999318
1373267967,0.0,2925.999318
1373268267,0.0,2925.999318
1373268567,0.0,2925.999318
1373268867,0.0,2925.999318
1373269167,0.0,2925.999318
1373269467,0.0,2925.999318
1373269767,0.0,2925.999318
1373270067,0.0,2925.999318
1373270367,0.0,2925.999318
1373270667,0.0,2925.999318
1373270967,0.0,2925.999318
1373271267,0.0,2925.999318
1373271567,0.0,2925.999318
1373271867,0.0,2925.999318
1373272167,0.0,2925.999318
1373272467,0.0,2925.999318
1373272767,0.0,2925.999318
1373273067,0.0,2925.999318
1373273367,0.0,2925.999318
1373273667,0.0,2925.999318
1373273967,0.0,2925.999318
1373274267,0.0,2925.999318
1373274567,0.0,2925.999318
1373274867,0.0,2925.999318
1373275167,0.0,2925.999318
1373275467,0.0,2925.999318
1373275767,0.0,2925.999318
1373276067,0.0,2925.999318
1373276367,0.0,2925.999318
1373276667,0.0,2925.999318
1373276967,0.0,2925.999318
1373277267,0.0,2925.999318
1373277567,0.0,2925.999318
1373277867,0.0,2925.999318
1373278167,0.0,2925.999318
1373278467,0.0,2925.999318
1373278768,0.0,2925.999318
1373279068,0.0,2925.999318
1373279368,0.0,2925.999318
1373279668,0.0,2925.999318
1373279968,0.0,2925.999318
1373280268,0.0,2925.999318
1373280568,0.0,2925.999318
1373280868,0.0,2925.999318
1373281168,0.0,2925.999318
1373281468,0.0,2925.999318
1373281768,0.0,2925.999318
1373282068,0.0,2925.999318
1373282368,0.0,2925.999318
1373282668,0.0,2925.999318
1373282968,0.0,2925.999318
1373283268,0.0,2925.999318
1373283568,0.0,2925.999318
1373283868,0.0,2925.999318
1373284168,0.0,2925.999318
1373284468,0.0,2925.999318
1373284768,0.0,2925.999318
1373285068,0.0,2925.999318
1373285368,0.0,2925.999318
1373285668,0.0,2925.999318
1373285968,0.0,2925.999318
1373286268,0.0,2925.999318
1373286568,0.0,2925.999318
1373286868,0.0,2925.999318
1373287168,0.0,2925.999318
1373287468,0.0,2925.999318
1373287768,0.0,2925.999318
1373288068,0.0,2925.999318
1373288368,0.0,2925.999318
1373288668,0.0,2925.999318
1373288968,0.0,2925.999318
1373289268,0.0,2925.999318
1373289568,0.0,2925.999318
1373289868,0.0,2925.999318
1373290168,0.0,2925.999318
1373290468,0.0,2925.999318
1373290768,0.0,2925.999318
1373291068,0.0,2925.999318
1373291368,0.0,2925.999318
1373291668,0.0,2925.999318
1373291968,0.0,2925.999318
1373292268,0.0,2925.999318
1373292569,0.0,2925.999318
1373292869,0.0,2925.999318
1373293169,0.0,2925.999318
1373293469,0.0,2925.999318
1373293769,0.0,2925.999318
1373294069,0.0,2925.999318
1373294369,0.0,2925.999318
1373294669,0.0,2925.999318
1373294969,0.0,2925.999318
1373295269,0.0,2925.999318
1373295569,0.0,2925.999318
1373295869,0.0,2925.999318
1373296169,0.0,2925.999318
1373296469,0.0,2925.999318
1373296769,0.0,2925.999318
1373297069,0.0,2925.999318
1373297369,0.0,2925.999318
1373297669,0.0,2925.999318
1373297969,0.0,2925.999318
1373298269,0.0,2925.999318
1373298569,0.0,2925.999318
1373298869,0.0,2925.999318
1373299169,0.0,2925.999318
1373299469,0.0,2925.999318
1373299769,0.0,2925.999318
1373300069,0.0,2925.999318
1373300369,0.0,2925.999318
1373300669,0.0,2925.999318
1373300969,0.0,2925.999318
1373301269,0.0,2925.999318
1373301570,0.0,2925.999318
1373301870,0.0,2925.999318
1373302170,0.0,2925.999318
1373302470,0.0,2925.999318
1373302770,0.0,2925.999318
1373303070,0.0,2925.999318
1373303370,0.0,2925.999318
1373303670,0.0,2925.999318
1373303970,0.0,2925.999318
1373304270,0.0,2925.999318
1373304570,0.0,2925.999318
1373304870,0.0,2925.999318
1373305170,0.0,2925.999318
1373305470,0.0,2925.999318
1373305770,0.0,2925.999318
1373306070,0.0,2925.999318
1373306370,0.0,2925.999318
1373306670,0.0,2925.999318
1373306970,0.0,2925.999318
1373307270,0.0,2925.999318
1373307570,0.0,2925.999318
1373307870,0.0,2925.999318
1373308170,0.0,2925.999318
1373308470,0.0,2925.999318
1373308770,0.0,2925.999318
1373309070,0.0,2925.999318
1373309370,0.0,2925.999318
1373309670,0.0,2925.999318
1373309970,0.0,2925.999318
1373310270,0.0,2925.999318
1373310570,0.0,2925.999318
1373310870,0.0,2925.999318
1373311170,0.0,2925.999318
1373311470,0.0,2925.999318
1373311770,0.0,2925.999318
1373312070,0.0,2925.999318
1373312370,0.0,2925.999318
1373312670,0.0,2925.999318
1373312970,0.0,2925.999318
1373313270,0.0,2925.999318
1373313571,0.0,2925.999318
1373313871,0.0,2925.999318
1373314171,0.0,2925.999318
1373314471,0.0,2925.999318
1373314771,0.0,2925.999318
1373315071,0.0,2925.999318
1373315371,0.0,2925.999318
1373315671,0.0,2925.999318
1373315971,0.0,2925.999318
1373316271,0.0,2925.999318
1373316571,0.0,2925.999318
1373316871,0.0,2925.999318
1373317171,0.0,2925.999318
1373317471,0.0,2925.999318
1373317771,0.0,2925.999318
1373318071,0.0,2925.999318
1373318371,0.0,2925.999318
1373318671,0.0,2925.999318
1373318971,0.0,2925.999318
1373319271,0.0,2925.999318
1373319571,0.0,2925.999318
1373319871,0.0,2925.999318
1373320171,0.0,2925.999318
1373320471,0.0,2925.999318
1373320771,0.0,2925.999318
1373321071,0.0,2925.999318
1373321371,0.0,2925.999318
1373321671,0.0,2925.999318
1373321971,0.0,2925.999318
1373322271,0.0,2925.999318
1373322571,0.0,2925.999318
1373322871,0.0,2925.999318
1373323171,0.0,2925.999318
1373323471,0.0,2925.999318
1373323771,0.0,2925.999318
1373324071,0.0,2925.999318
1373324371,0.0,2925.999318
1373324671,0.0,2925.999318
1373324971,0.0,2925.999318
1373325271,0.0,2925.999318
1373325571,0.0,2925.999318
1373325871,0.0,2925.999318
1373326171,0.0,2925.999318
1373326472,0.0,2925.999318
1373326772,0.0,2925.999318
1373327072,0.0,2925.999318
1373327372,0.0,2925.999318
1373327672,0.0,2925.999318
1373327972,0.0,2925.999318
1373328272,0.0,2925.999318
1373328572,0.0,2925.999318
1373328872,0.0,2925.999318
1373329172,0.0,2925.999318
1373329472,0.0,2925.999318
1373329772,0.0,2925.999318
1373330072,0.0,2925.999318
1373330372,0.0,2925.999318
1373330672,0.0,2925.999318
1373330972,0.0,2925.999318
1373331272,0.0,2925.999318
1373331572,0.0,2925.999318
1373331872,0.0,2925.999318
1373332172,0.0,2925.999318
1373332472,0.0,2925.999318
1373332772,0.0,2925.999318
1373333072,0.0,2925.999318
1373333372,0.0,2925.999318
1373333672,0.0,2925.999318
1373333972,0.0,2925.999318
1373334272,0.0,2925.999318
1373334573,0.0,2925.999318
1373334873,0.0,2925.999318
1373335173,0.0,2925.999318
1373335473,0.0,2925.999318
1373335773,0.0,2925.999318
1373336073,0.0,2925.999318
1373336373,0.0,2925.999318
1373336673,0.0,2925.999318
1373336973,0.0,2925.999318
1373337273,0.0,2925.999318
1373337572,0.0,2925.999318
1373337872,0.0,2925.999318
1373338172,0.0,2925.999318
1373338473,0.0,2925.999318
1373338773,0.0,2925.999318
1373339073,0.0,2925.999318
1373339373,0.0,2925.999318
1373339673,0.0,2925.999318
1373339973,0.0,2925.999318
1373340273,0.0,2925.999318
1373340573,0.0,2925.999318
1373340873,0.0,2925.999318
1373341173,0.0,2925.999318
1373341473,0.0,2925.999318
1373341773,0.0,2925.999318
1373342073,0.0,2925.999318
1373342373,0.0,2925.999318
1373342673,0.0,2925.999318
1373342973,0.0,2925.999318
1373343273,0.0,2925.999318
1373343573,0.0,2925.999318
1373343873,0.0,2925.999318
1373344173,0.0,2925.999318
1373344473,0.0,2925.999318
1373344773,0.0,2925.999318
1373345073,0.0,2925.999318
1373345373,0.0,2925.999318
1373345673,0.0,2925.999318
1373345973,0.0,2925.999318
1373346274,0.0,2925.999318
1373346574,0.0,2925.999318
1373346874,0.0,2925.999318
1373347174,0.0,2925.999318
1373347474,0.0,2925.999318
1373347774,0.0,2925.999318
1373348074,0.0,2925.999318
1373348374,0.0,2925.999318
1373348674,0.0,2925.999318
1373348974,0.0,2925.999318
1373349274,0.0,2925.999318
1373349574,0.0,2925.999318
1373349874,0.0,2925.999318
1373350174,0.0,2925.999318
1373350474,0.0,2925.999318
1373350774,0.0,2925.999318
1373351074,0.0,2925.999318
1373351374,0.0,2925.999318
1373351674,0.0,2925.999318
1373351974,0.0,2925.999318
1373352274,0.0,2925.999318
1373352574,0.0,2925.999318
1373352874,0.0,2925.999318
1373353174,0.0,2925.999318
1373353474,0.0,2925.999318
1373353774,0.0,2925.999318
1373354074,0.0,2925.999318
1373354374,0.0,2925.999318
1373354674,0.0,2925.999318
1373354974,0.0,2925.999318
1373355274,0.0,2925.999318
1373355574,0.0,2925.999318
1373355874,0.0,2925.999318
1373356174,0.0,2925.999318
1373356474,0.0,2925.999318
1373356774,0.0,2925.999318
1373357074,0.0,2925.999318
1373357374,0.0,2925.999318
1373357674,0.0,2925.999318
1373357974,0.0,2925.999318
1373358275,0.0,2925.999318
1373358575,0.0,2925.999318
1373358875,0.0,2925.999318
1373359175,0.0,2925.999318
1373359475,0.0,2925.999318
1373359775,0.0,2925.999318
1373360075,0.0,2925.999318
1373360375,0.0,2925.999318
1373360675,0.0,2925.999318
1373360975,0.0,2925.999318
1373361275,0.0,2925.999318
1373361575,0.0,2925.999318
1373361875,0.0,2925.999318
1373362175,0.0,2925.999318
1373362475,0.0,2925.999318
1373362775,0.0,2925.999318
1373363075,0.0,2925.999318
1373363375,0.0,2925.999318
1373363675,0.0,2925.999318
1373363975,0.0,2925.999318
1373364275,0.0,2925.999318
1373364575,0.0,2925.999318
1373364875,0.0,2925.999318
1373365175,0.0,2925.999318
1373365475,0.0,2925.999318
1373365775,0.0,2925.999318
1373366076,0.0,2925.999318
1373366376,0.0,2925.999318
1373366676,0.0,2925.999318
1373366976,0.0,2925.999318
1373367276,0.0,2925.999318
1373367576,0.0,2925.999318
1373367876,0.0,2925.999318
1373368176,0.0,2925.999318
1373368476,0.0,2925.999318
1373368776,0.0,2925.999318
1373369076,0.0,2925.999318
1373369376,0.0,2925.999318
1373369676,0.0,2925.999318
1373369976,0.0,2925.999318
1373370276,0.0,2925.999318
1373370576,0.0,2925.999318
1373370876,0.0,2925.999318
1373371176,0.0,2925.999318
1373371476,0.0,2925.999318
1373371776,0.0,2925.999318
1373372076,0.0,2925.999318
1373372376,0.0,2925.999318
1373372676,0.0,2925.999318
1373372976,0.0,2925.999318
1373373276,0.0,2925.999318
1373373576,0.0,2925.999318
1373373876,0.0,2925.999318
1373374176,0.0,2925.999318
1373374476,0.0,2925.999318
1373374776,0.0,2925.999318
1373375076,0.0,2925.999318
1373375376,0.0,2925.999318
1373375676,0.0,2925.999318
1373375976,0.0,2925.999318
1373376276,0.0,2925.999318
1373376577,0.0,2925.999318
1373376877,0.0,2925.999318
1373377177,0.0,2925.999318
1373377477,0.0,2925.999318
1373377777,0.0,2925.999318
1373378077,0.0,2925.999318
1373378377,0.0,2925.999318
1373378677,0.0,2925.999318
1373378977,0.0,2925.999318
1373379277,0.0,2925.999318
1373379577,0.0,2925.999318
1373379877,0.0,2925.999318
1373380177,0.0,2925.999318
1373380477,0.0,2925.999318
1373380777,0.0,2925.999318
1373381077,0.0,2925.999318
1373381377,0.0,2925.999318
1373381677,0.0,2925.999318
1373381977,0.0,2925.999318
1373382277,0.0,2925.999318
1373382577,0.0,2925.999318
1373382877,0.0,2925.999318
1373383177,0.0,2925.999318
1373383477,0.0,2925.999318
1373383777,0.0,2925.999318
1373384077,0.0,2925.999318
1373384377,0.0,2925.999318
1373384677,0.0,2925.999318
1373384977,0.0,2925.999318
1373385277,0.0,2925.999318
1373385577,0.0,2925.999318
1373385877,0.0,2925.999318
1373386177,0.0,2925.999318
1373386477,0.0,2925.999318
1373386777,0.0,2925.999318
1373387077,0.0,2925.999318
1373387377,0.0,2925.999318
1373387677,0.0,2925.999318
1373387977,0.0,2925.999318
1373388277,0.0,2925.999318
1373388577,0.0,2925.999318
1373388877,0.0,2925.999318
1373389178,0.0,2925.999318
1373389478,0.0,2925.999318
1373389778,0.0,2925.999318
1373390078,0.0,2925.999318
1373390378,0.0,2925.999318
1373390678,0.0,2925.999318
1373390978,0.0,2925.999318
1373391278,0.0,2925.999318
1373391578,0.0,2925.999318
1373391878,0.0,2925.999318
1373392178,0.0,2925.999318
1373392478,0.0,2925.999318
1373392778,0.0,2925.999318
1373393078,0.0,2925.999318
1373393378,0.0,2925.999318
1373393678,0.0,2925.999318
1373393978,0.0,2925.999318
1373394278,0.0,2925.999318
1373394578,0.0,2925.999318
1373394878,0.0,2925.999318
1373395178,0.0,2925.999318
1373395478,0.0,2925.999318
1373395778,0.0,2925.999318
1373396078,0.0,2925.999318
1373396378,0.0,2925.999318
1373396678,0.0,2925.999318
1373396978,0.0,2925.999318
1373397278,0.0,2925.999318
1373397578,0.0,2925.999318
1373397878,0.0,2925.999318
1373398178,0.0,2925.999318
1373398478,0.0,2925.999318
1373398779,0.0,2925.999318
1373399079,0.0,2925.999318
1373399379,0.0,2925.999318
1373399679,0.0,2925.999318
1373399979,0.0,2925.999318
1373400279,0.0,2925.999318
1373400579,0.0,2925.999318
1373400879,0.0,2925.999318
1373401179,0.0,2925.999318
1373401479,0.0,2925.999318
1373401779,0.0,2925.999318
1373402079,0.0,2925.999318
1373402379,0.0,2925.999318
1373402679,0.0,2925.999318
1373402979,0.0,2925.999318
1373403279,0.0,2925.999318
1373403579,0.0,2925.999318
1373403879,0.0,2925.999318
1373404179,0.0,2925.999318
1373404479,0.0,2925.999318
1373404780,0.0,2925.999318
1373405080,0.0,2925.999318
1373405380,0.0,2925.999318
1373405680,0.0,2925.999318
1373405980,0.0,2925.999318
1373406280,0.0,2925.999318
1373406580,0.0,2925.999318
1373406880,0.0,2925.999318
1373407180,0.0,2925.999318
1373407480,0.0,2925.999318
1373407780,0.0,2925.999318
1373408080,0.0,2925.999318
1373408380,0.0,2925.999318
1373408680,0.0,2925.999318
1373408980,0.0,2925.999318
1373409280,0.0,2925.999318
1373409580,0.0,2925.999318
1373409880,0.0,2925.999318
1373410180,0.0,2925.999318
1373410480,0.0,2925.999318
1373410780,0.0,2925.999318
1373411080,0.0,2925.999318
1373411380,0.0,2925.999318
1373411680,0.0,2925.999318
1373411980,0.0,2925.999318
1373412280,0.0,2925.999318
1373412580,0.0,2925.999318
1373412880,0.0,2925.999318
1373413180,0.0,2925.999318
1373413480,0.0,2925.999318
1373413781,0.0,2925.999318
1373414081,0.0,2925.999318
1373414381,0.0,2925.999318
1373414681,0.0,2925.999318
1373414981,0.0,2925.999318
1373415281,0.0,2925.999318
1373415581,0.0,2925.999318
1373415881,0.0,2925.999318
1373416181,0.0,2925.999318
1373416481,0.0,2925.999318
1373416781,0.0,2925.999318
1373417081,0.0,2925.999318
1373417381,0.0,2925.999318
1373417681,0.0,2925.999318
1373417981,0.0,2925.999318
1373418281,0.0,2925.999318
1373418581,0.0,2925.999318
1373418881,0.0,2925.999318
1373419181,0.0,2925.999318
1373419481,0.0,2925.999318
1373419781,0.0,2925.999318
1373420081,0.0,2925.999318
1373420381,0.0,2925.999318
1373420681,0.0,2925.999318
1373420981,0.0,2925.999318
1373421281,0.0,2925.999318
1373421581,0.0,2925.999318
1373421881,0.0,2925.999318
1373422181,0.0,2925.999318
1373422481,0.0,2925.999318
1373422781,0.0,2925.999318
1373423081,0.0,2925.999318
1373423381,0.0,2925.999318
1373423681,0.0,2925.999318
1373423981,0.0,2925.999318
1373424281,0.0,2925.999318
1373424581,0.0,2925.999318
1373424881,0.0,2925.999318
1373425181,0.0,2925.999318
1373425481,0.0,2925.999318
1373425781,0.0,2925.999318
1373426081,0.0,2925.999318
1373426381,0.0,2925.999318
1373426681,0.0,2925.999318
1373426981,0.0,2925.999318
1373427281,0.0,2925.999318
1373427581,0.0,2925.999318
1373427882,0.0,2925.999318
1373428182,0.0,2925.999318
1373428482,0.0,2925.999318
1373428782,0.0,2925.999318
1373429082,0.0,2925.999318
1373429382,0.0,2925.999318
1373429682,0.0,2925.999318
1373429982,0.0,2925.999318
1373430282,0.0,2925.999318
1373430582,0.0,2925.999318
1373430882,0.0,2925.999318
1373431182,0.0,2925.999318
1373431482,0.0,2925.999318
1373431782,0.0,2925.999318
1373432082,0.0,2925.999318
1373432382,0.0,2925.999318
1373432682,0.0,2925.999318
1373432982,0.0,2925.999318
1373433282,0.0,2925.999318
1373433582,0.0,2925.999318
1373433882,0.0,2925.999318
1373434182,0.0,2925.999318
1373434482,0.0,2925.999318
1373434782,0.0,2925.999318
1373435082,0.0,2925.999318
1373435382,0.0,2925.999318
1373435682,0.0,2925.999318
1373435982,0.0,2925.999318
1373436282,0.0,2925.999318
1373436582,0.0,2925.999318
1373436882,0.0,2925.999318
1373437182,0.0,2925.999318
1373437482,0.0,2925.999318
1373437782,0.0,2925.999318
1373438082,0.0,2925.999318
1373438382,0.0,2925.999318
1373438682,0.0,2925.999318
1373438982,0.0,2925.999318
1373439282,0.0,2925.999318
1373439582,0.0,2925.999318
1373439883,0.0,2925.999318
1373440183,0.0,2925.999318
1373440483,0.0,2925.999318
1373440783,0.0,2925.999318
1373441083,0.0,2925.999318
1373441383,0.0,2925.999318
1373441683,0.0,2925.999318
1373441983,0.0,2925.999318
1373442283,0.0,2925.999318
1373442583,0.0,2925.999318
1373442883,0.0,2925.999318
1373443183,0.0,2925.999318
1373443483,0.0,2925.999318
1373443783,0.0,2925.999318
1373444083,0.0,2925.999318
1373444383,0.0,2925.999318
1373444683,0.0,2925.999318
1373444983,0.0,2925.999318
1373445283,0.0,2925.999318
1373445583,0.0,2925.999318
1373445883,0.0,2925.999318
1373446183,0.0,2925.999318
1373446483,0.0,2925.999318
1373446783,0.0,2925.999318
1373447083,0.0,2925.999318
1373447383,0.0,2925.999318
1373447683,0.0,2925.999318
1373447983,0.0,2925.999318
1373448283,0.0,2925.999318
1373448583,0.0,2925.999318
1373448883,0.0,2925.999318
1373449183,0.0,2925.999318
1373449484,0.0,2925.999318
1373449784,0.0,2925.999318
1373450084,0.0,2925.999318
1373450384,0.0,2925.999318
1373450684,0.0,2925.999318
1373450984,0.0,2925.999318
1373451284,0.0,2925.999318
1373451584,0.0,2925.999318
1373451883,0.0,2925.999318
1373452183,0.0,2925.999318
1373452483,0.0,2925.999318
1373452783,0.0,2925.999318
1373453083,0.0,2925.999318
1373453383,0.0,2925.999318
1373453683,0.0,2925.999318
1373453983,0.0,2925.999318
1373454284,0.0,2925.999318
1373454584,0.0,2925.999318
1373454884,0.0,2925.999318
1373455184,0.0,2925.999318
1373455484,0.0,2925.999318
1373455784,0.0,2925.999318
1373456084,0.0,2925.999318
1373456384,0.0,2925.999318
1373456684,0.0,2925.999318
1373456984,0.0,2925.999318
1373457284,0.0,2925.999318
1373457584,0.0,2925.999318
1373457884,0.0,2925.999318
1373458184,0.0,2925.999318
1373458484,0.0,2925.999318
1373458784,0.0,2925.999318
1373459084,0.0,2925.999318
1373459384,0.0,2925.999318
1373459684,0.0,2925.999318
1373459984,0.0,2925.999318
1373460284,0.0,2925.999318
1373460584,0.0,2925.999318
1373460884,0.0,2925.999318
1373461184,0.0,2925.999318
1373461484,0.0,2925.999318
1373461784,0.0,2925.999318
1373462085,0.0,2925.999318
1373462385,0.0,2925.999318
1373462685,0.0,2925.999318
1373462985,0.0,2925.999318
1373463285,0.0,2925.999318
1373463585,0.0,2925.999318
1373463885,0.0,2925.999318
1373464185,0.0,2925.999318
1373464485,0.0,2925.999318
1373464785,0.0,2925.999318
1373465085,0.0,2925.999318
1373465385,0.0,2925.999318
1373465685,0.0,2925.999318
1373465985,0.0,2925.999318
1373466285,0.0,2925.999318
1373466585,0.0,2925.999318
1373466885,0.0,2925.999318
1373467185,0.0,2925.999318
1373467485,0.0,2925.999318
1373467785,0.0,2925.999318
1373468085,0.0,2925.999318
1373468385,0.0,2925.999318
1373468685,0.0,2925.999318
1373468985,0.0,2925.999318
1373469285,0.0,2925.999318
1373469585,0.0,2925.999318
1373469885,0.0,2925.999318
1373470185,0.0,2925.999318
1373470485,0.0,2925.999318
1373470785,0.0,2925.999318
1373471085,0.0,2925.999318
1373471385,0.0,2925.999318
1373471686,0.0,2925.999318
1373471986,0.0,2925.999318
1373472286,0.0,2925.999318
1373472586,0.0,2925.999318
1373472886,0.0,2925.999318
1373473186,0.0,2925.999318
1373473486,0.0,2925.999318
1373473786,0.0,2925.999318
1373474086,0.0,2925.999318
1373474386,0.0,2925.999318
1373474686,0.0,2925.999318
1373474986,0.0,2925.999318
1373475286,0.0,2925.999318
1373475586,0.0,2925.999318
1373475886,0.0,2925.999318
1373476186,0.0,2925.999318
1373476486,0.0,2925.999318
1373476786,0.0,2925.999318
1373477086,0.0,2925.999318
1373477386,0.0,2925.999318
1373477686,0.0,2925.999318
1373477986,0.0,2925.999318
1373478286,0.0,2925.999318
1373478586,0.0,2925.999318
1373478886,0.0,2925.999318
1373479186,0.0,2925.999318
1373479486,0.0,2925.999318
1373479787,0.0,2925.999318
1373480087,0.0,2925.999318
1373480387,0.0,2925.999318
1373480687,0.0,2925.999318
1373480987,0.0,2925.999318
1373481287,0.0,2925.999318
1373481587,0.0,2925.999318
1373481887,0.0,2925.999318
1373482187,0.0,2925.999318
1373482487,0.0,2925.999318
1373482787,0.0,2925.999318
1373483087,0.0,2925.999318
1373483387,0.0,2925.999318
1373483687,0.0,2925.999318
1373483987,0.0,2925.999318
1373484287,0.0,2925.999318
1373484587,0.0,2925.999318
1373484887,0.0,2925.999318
1373485187,0.0,2925.999318
1373485487,0.0,2925.999318
1373485787,0.0,2925.999318
1373486087,0.0,2925.999318
1373486387,0.0,2925.999318
1373486687,0.0,2925.999318
1373486987,0.0,2925.999318
1373487287,0.0,2925.999318
1373487587,0.0,2925.999318
1373487887,0.0,2925.999318
1373488187,0.0,2925.999318
1373488487,0.0,2925.999318
1373488787,0.0,2925.999318
1373489087,0.0,2925.999318
1373489387,0.0,2925.999318
1373489687,0.0,2925.999318
1373489987,0.0,2925.999318
1373490287,0.0,2925.999318
1373490587,0.0,2925.999318
1373490887,0.0,2925.999318
1373491187,0.0,2925.999318
1373491487,0.0,2925.999318
1373491787,0.0,2925.999318
1373492087,0.0,2925.999318
1373492387,0.0,2925.999318
1373492687,0.0,2925.999318
1373492987,0.0,2925.999318
1373493287,0.0,2925.999318
1373493587,0.0,2925.999318
1373493887,0.0,2925.999318
1373494187,0.0,2925.999318
1373494487,0.0,2925.999318
1373494787,0.0,2925.999318
1373495088,0.0,2925.999318
1373495388,0.0,2925.999318
1373495688,0.0,2925.999318
1373495988,0.0,2925.999318
1373496288,0.0,2925.999318
1373496588,0.0,2925.999318
1373496888,0.0,2925.999318
1373497188,0.0,2925.999318
1373497488,0.0,2925.999318
1373497788,0.0,2925.999318
1373498088,0.0,2925.999318
1373498388,0.0,2925.999318
1373498688,0.0,2925.999318
1373498988,0.0,2925.999318
1373499288,0.0,2925.999318
1373499588,0.0,2925.999318
1373499888,0.0,2925.999318
1373500188,0.0,2925.999318
1373500488,0.0,2925.999318
1373500788,0.0,2925.999318
1373501088,0.0,2925.999318
1373501388,5.851998636000001,2925.999318
1373501688,0.0,2925.999318
1373501988,0.0,2925.999318
1373502288,0.0,2925.999318
1373502588,0.0,2925.999318
1373502888,0.0,2925.999318
1373503188,0.0,2925.999318
1373503488,0.0,2925.999318
1373503788,0.0,2925.999318
1373504088,0.0,2925.999318
1373504388,0.0,2925.999318
1373504688,0.0,2925.999318
1373504988,0.0,2925.999318
1373505288,0.0,2925.999318
1373505588,0.0,2925.999318
1373505889,0.0,2925.999318
1373506189,0.0,2925.999318
1373506489,0.0,2925.999318
1373506789,0.0,2925.999318
1373507089,0.0,2925.999318
1373507389,0.0,2925.999318
1373507689,0.0,2925.999318
1373507989,0.0,2925.999318
1373508289,0.0,2925.999318
1373508589,0.0,2925.999318
1373508889,0.0,2925.999318
1373509189,0.0,2925.999318
1373509489,0.0,2925.999318
1373509789,0.0,2925.999318
1373510089,0.0,2925.999318
1373510389,0.0,2925.999318
1373510689,0.0,2925.999318
1373510989,0.0,2925.999318
1373511289,0.0,2925.999318
1373511589,0.0,2925.999318
1373511889,0.0,2925.999318
1373512189,0.0,2925.999318
1373512489,0.0,2925.999318
1373512789,0.0,2925.999318
1373513089,0.0,2925.999318
1373513389,0.0,2925.999318
1373513690,0.0,2925.999318
1373513990,0.0,2925.999318
1373514290,0.0,2925.999318
1373514590,0.0,2925.999318
1373514890,0.0,2925.999318
1373515190,0.0,2925.999318
1373515490,0.0,2925.999318
1373515790,0.0,2925.999318
1373516090,0.0,2925.999318
1373516390,0.0,2925.999318
1373516690,0.0,2925.999318
1373516990,0.0,2925.999318
1373517290,0.0,2925.999318
1373517590,0.0,2925.999318
1373517890,0.0,2925.999318
1373518190,0.0,2925.999318
1373518490,0.0,2925.999318
1373518790,0.0,2925.999318
1373519090,0.0,2925.999318
1373519390,0.0,2925.999318
1373519690,0.0,2925.999318
1373519990,0.0,2925.999318
1373520290,0.0,2925.999318
1373520590,0.0,2925.999318
1373520890,0.0,2925.999318
1373521190,0.0,2925.999318
1373521490,0.0,2925.999318
1373521790,0.0,2925.999318
1373522090,0.0,2925.999318
1373522390,0.0,2925.999318
1373522690,0.0,2925.999318
1373522990,0.0,2925.999318
1373523290,0.0,2925.999318
1373523590,0.0,2925.999318
1373523890,0.0,2925.999318
1373524190,0.0,2925.999318
1373524490,0.0,2925.999318
1373524790,0.0,2925.999318
1373525090,0.0,2925.999318
1373525390,0.0,2925.999318
1373525690,0.0,2925.999318
1373525991,0.0,2925.999318
1373526291,0.0,2925.999318
1373526591,0.0,2925.999318
1373526891,0.0,2925.999318
1373527191,0.0,2925.999318
1373527491,0.0,2925.999318
1373527791,0.0,2925.999318
1373528091,0.0,2925.999318
1373528391,0.0,2925.999318
1373528691,0.0,2925.999318
1373528991,0.0,2925.999318
1373529291,0.0,2925.999318
1373529591,0.0,2925.999318
1373529891,0.0,2925.999318
1373530191,0.0,2925.999318
1373530491,0.0,2925.999318
1373530791,0.0,2925.999318
1373531091,0.0,2925.999318
1373531391,0.0,2925.999318
1373531691,0.0,2925.999318
1373531991,0.0,2925.999318
1373532291,0.0,2925.999318
1373532591,0.0,2925.999318
1373532891,0.0,2925.999318
1373533191,0.0,2925.999318
1373533491,0.0,2925.999318
1373533792,0.0,2925.999318
1373534092,0.0,2925.999318
1373534392,0.0,2925.999318
1373534692,0.0,2925.999318
1373534992,0.0,2925.999318
1373535292,0.0,2925.999318
1373535592,0.0,2925.999318
1373535892,0.0,2925.999318
1373536192,0.0,2925.999318
1373536492,0.0,2925.999318
1373536792,0.0,2925.999318
1373537092,0.0,2925.999318
1373537392,0.0,2925.999318
1373537692,0.0,2925.999318
1373537992,0.0,2925.999318
1373538292,0.0,2925.999318
1373538592,0.0,2925.999318
1373538892,0.0,2925.999318
1373539192,0.0,2925.999318
1373539492,0.0,2925.999318
1373539792,0.0,2925.999318
1373540092,0.0,2925.999318
1373540392,0.0,2925.999318
1373540692,0.0,2925.999318
1373540992,0.0,2925.999318
1373541292,0.0,2925.999318
1373541593,0.0,2925.999318
1373541893,0.0,2925.999318
1373542193,0.0,2925.999318
1373542493,0.0,2925.999318
1373542793,0.0,2925.999318
1373543093,0.0,2925.999318
1373543393,0.0,2925.999318
1373543693,0.0,2925.999318
1373543993,0.0,2925.999318
1373544293,0.0,2925.999318
1373544593,0.0,2925.999318
1373544893,0.0,2925.999318
1373545193,0.0,2925.999318
1373545493,0.0,2925.999318
1373545793,0.0,2925.999318
1373546093,0.0,2925.999318
1373546393,0.0,2925.999318
1373546693,0.0,2925.999318
1373546993,0.0,2925.999318
1373547293,0.0,2925.999318
1373547593,0.0,2925.999318
1373547893,0.0,2925.999318
1373548193,0.0,2925.999318
1373548493,0.0,2925.999318
1373548793,0.0,2925.999318
1373549093,0.0,2925.999318
1373549393,0.0,2925.999318
1373549693,0.0,2925.999318
1373549993,0.0,2925.999318
1373550293,0.0,2925.999318
1373550593,0.0,2925.999318
1373550893,0.0,2925.999318
1373551193,0.0,2925.999318
1373551493,0.0,2925.999318
1373551793,0.0,2925.999318
1373552093,0.0,2925.999318
1373552394,0.0,2925.999318
1373552694,0.0,2925.999318
1373552994,0.0,2925.999318
1373553294,0.0,2925.999318
1373553594,0.0,2925.999318
1373553894,0.0,2925.999318
1373554194,0.0,2925.999318
1373554494,0.0,2925.999318
1373554794,0.0,2925.999318
1373555094,0.0,2925.999318
1373555394,0.0,2925.999318
1373555694,0.0,2925.999318
1373555994,0.0,2925.999318
1373556294,0.0,2925.999318
1373556594,0.0,2925.999318
1373556894,0.0,2925.999318
1373557194,0.0,2925.999318
1373557494,0.0,2925.999318
1373557794,0.0,2925.999318
1373558094,0.0,2925.999318
1373558394,0.0,2925.999318
1373558694,0.0,2925.999318
1373558995,0.0,2925.999318
1373559295,0.0,2925.999318
1373559595,0.0,2925.999318
1373559895,0.0,2925.999318
1373560195,0.0,2925.999318
1373560495,0.0,2925.999318
1373560795,0.0,2925.999318
1373561095,0.0,2925.999318
1373561395,0.0,2925.999318
1373561695,0.0,2925.999318
1373561995,0.0,2925.999318
1373562295,0.0,2925.999318
1373562595,0.0,2925.999318
1373562895,0.0,2925.999318
1373563195,0.0,2925.999318
1373563495,0.0,2925.999318
1373563795,0.0,2925.999318
1373564095,0.0,2925.999318
1373564395,0.0,2925.999318
1373564695,0.0,2925.999318
1373564995,0.0,2925.999318
1373565295,0.0,2925.999318
1373565595,0.0,2925.999318
1373565896,0.0,2925.999318
1373566196,0.0,2925.999318
1373566496,0.0,2925.999318
1373566796,0.0,2925.999318
1373567096,0.0,2925.999318
1373567396,0.0,2925.999318
1373567696,0.0,2925.999318
1373567996,0.0,2925.999318
1373568296,0.0,2925.999318
1373568596,0.0,2925.999318
1373568896,0.0,2925.999318
1373569196,0.0,2925.999318
1373569496,0.0,2925.999318
1373569796,0.0,2925.999318
1373570096,0.0,2925.999318
1373570396,0.0,2925.999318
1373570696,0.0,2925.999318
1373570996,0.0,2925.999318
1373571296,0.0,2925.999318
1373571596,0.0,2925.999318
1373571896,0.0,2925.999318
1373572196,0.0,2925.999318
1373572496,0.0,2925.999318
1373572796,0.0,2925.999318
1373573096,0.0,2925.999318
1373573396,0.0,2925.999318
1373573696,0.0,2925.999318
1373573996,0.0,2925.999318
1373574296,0.0,2925.999318
1373574596,0.0,2925.999318
1373574896,0.0,2925.999318
1373575196,0.0,2925.999318
1373575497,0.0,2925.999318
1373575797,0.0,2925.999318
1373576097,0.0,2925.999318
1373576397,0.0,2925.999318
1373576697,0.0,2925.999318
1373576997,0.0,2925.999318
1373577297,0.0,2925.999318
1373577597,0.0,2925.999318
1373577897,0.0,2925.999318
1373578197,0.0,2925.999318
1373578497,0.0,2925.999318
1373578797,0.0,2925.999318
1373579097,0.0,2925.999318
1373579397,0.0,2925.999318
1373579697,0.0,2925.999318
1373579997,0.0,2925.999318
1373580297,0.0,2925.999318
1373580597,0.0,2925.999318
1373580897,0.0,2925.999318
1373581197,0.0,2925.999318
1373581497,0.0,2925.999318
1373581797,0.0,2925.999318
1373582097,0.0,2925.999318
1373582397,0.0,2925.999318
1373582697,0.0,2925.999318
1373582997,0.0,2925.999318
1373583297,0.0,2925.999318
1373583597,0.0,2925.999318
1373583897,0.0,2925.999318
1373584197,0.0,2925.999318
1373584497,0.0,2925.999318
1373584797,0.0,2925.999318
1373585097,0.0,2925.999318
1373585397,0.0,2925.999318
1373585697,0.0,2925.999318
1373585997,0.0,2925.999318
1373586297,0.0,2925.999318
1373586597,0.0,2925.999318
1373586897,0.0,2925.999318
1373587197,0.0,2925.999318
1373587497,0.0,2925.999318
1373587797,0.0,2925.999318
1373588097,0.0,2925.999318
1373588397,0.0,2925.999318
1373588697,0.0,2925.999318
1373588997,0.0,2925.999318
1373589297,0.0,2925.999318
1373589597,0.0,2925.999318
1373589897,0.0,2925.999318
1373590198,0.0,2925.999318
1373590498,0.0,2925.999318
1373590798,0.0,2925.999318
1373591098,0.0,2925.999318
1373591398,0.0,2925.999318
1373591698,0.0,2925.999318
1373591998,0.0,2925.999318
1373592298,0.0,2925.999318
1373592598,0.0,2925.999318
1373592898,0.0,2925.999318
1373593198,0.0,2925.999318
1373593498,0.0,2925.999318
1373593798,0.0,2925.999318
1373594098,0.0,2925.999318
1373594398,0.0,2925.999318
1373594698,0.0,2925.999318
1373594998,0.0,2925.999318
1373595298,0.0,2925.999318
1373595598,0.0,2925.999318
1373595898,0.0,2925.999318
1373596198,0.0,2925.999318
1373596498,0.0,2925.999318
1373596798,0.0,2925.999318
1373597098,0.0,2925.999318
1373597398,0.0,2925.999318
1373597698,0.0,2925.999318
1373597998,0.0,2925.999318
1373598298,0.0,2925.999318
1373598598,0.0,2925.999318
1373598898,0.0,2925.999318
1373599199,0.0,2925.999318
1373599499,0.0,2925.999318
1373599799,0.0,2925.999318
1373600099,0.0,2925.999318
1373600399,0.0,2925.999318
1373600699,0.0,2925.999318
1373600999,0.0,2925.999318
1373601299,0.0,2925.999318
1373601599,0.0,2925.999318
1373601899,0.0,2925.999318
1373602199,0.0,2925.999318
1373602499,0.0,2925.999318
1373602799,0.0,2925.999318
1373603099,0.0,2925.999318
1373603399,0.0,2925.999318
1373603699,0.0,2925.999318
1373603999,0.0,2925.999318
1373604299,0.0,2925.999318
1373604599,0.0,2925.999318
1373604899,0.0,2925.999318
1373605199,0.0,2925.999318
1373605499,0.0,2925.999318
1373605799,0.0,2925.999318
1373606099,0.0,2925.999318
1373606399,0.0,2925.999318
1373606700,0.0,2925.999318
1373607000,0.0,2925.999318
1373607300,0.0,2925.999318
1373607600,0.0,2925.999318
1373607900,0.0,2925.999318
1373608200,0.0,2925.999318
1373608500,0.0,2925.999318
1373608800,0.0,2925.999318
1373609100,0.0,2925.999318
1373609400,0.0,2925.999318
1373609700,0.0,2925.999318
1373610000,0.0,2925.999318
1373610300,0.0,2925.999318
1373610600,0.0,2925.999318
1373610900,0.0,2925.999318
1373611200,0.0,2925.999318
1373611500,0.0,2925.999318
1373611800,0.0,2925.999318
1373612100,0.0,2925.999318
1373612400,0.0,2925.999318
1373612700,0.0,2925.999318
1373613000,0.0,2925.999318
1373613300,0.0,2925.999318
1373613600,0.0,2925.999318
1373613900,0.0,2925.999318
1373614200,0.0,2925.999318
1373614500,0.0,2925.999318
1373614801,0.0,2925.999318
1373615101,0.0,2925.999318
1373615401,0.0,2925.999318
1373615700,0.0,2925.999318
1373616001,0.0,2925.999318
1373616301,0.0,2925.999318
1373616601,0.0,2925.999318
1373616901,0.0,2925.999318
1373617201,0.0,2925.999318
1373617501,0.0,2925.999318
1373617801,0.0,2925.999318
1373618101,0.0,2925.999318
1373618401,0.0,2925.999318
1373618701,0.0,2925.999318
1373619001,0.0,2925.999318
1373619301,0.0,2925.999318
1373619601,0.0,2925.999318
1373619901,0.0,2925.999318
1373620201,0.0,2925.999318
1373620501,0.0,2925.999318
1373620801,0.0,2925.999318
1373621101,0.0,2925.999318
1373621401,0.0,2925.999318
1373621701,0.0,2925.999318
1373622001,0.0,2925.999318
1373622301,0.0,2925.999318
1373622601,0.0,2925.999318
1373622901,0.0,2925.999318
1373623201,0.0,2925.999318
1373623501,0.0,2925.999318
1373623801,0.0,2925.999318
1373624101,0.0,2925.999318
1373624401,0.0,2925.999318
1373624701,0.0,2925.999318
1373625001,0.0,2925.999318
1373625301,0.0,2925.999318
1373625601,0.0,2925.999318
1373625901,0.0,2925.999318
1373626201,0.0,2925.999318
1373626502,0.0,2925.999318
1373626802,0.0,2925.999318
1373627102,0.0,2925.999318
1373627402,0.0,2925.999318
1373627702,0.0,2925.999318
1373628002,0.0,2925.999318
1373628302,0.0,2925.999318
1373628602,0.0,2925.999318
1373628902,0.0,2925.999318
1373629202,0.0,2925.999318
1373629502,0.0,2925.999318
1373629802,0.0,2925.999318
1373630102,0.0,2925.999318
1373630402,0.0,2925.999318
1373630702,0.0,2925.999318
1373631002,0.0,2925.999318
1373631302,0.0,2925.999318
1373631602,0.0,2925.999318
1373631902,0.0,2925.999318
1373632202,0.0,2925.999318
1373632502,0.0,2925.999318
1373632802,0.0,2925.999318
1373633102,0.0,2925.999318
1373633402,0.0,2925.999318
1373633702,0.0,2925.999318
1373634002,0.0,2925.999318
1373634302,0.0,2925.999318
1373634602,0.0,2925.999318
1373634902,0.0,2925.999318
1373635202,0.0,2925.999318
1373635502,0.0,2925.999318
1373635802,0.0,2925.999318
1373636102,0.0,2925.999318
1373636402,0.0,2925.999318
1373636702,0.0,2925.999318
1373637002,0.0,2925.999318
1373637302,0.0,2925.999318
1373637602,0.0,2925.999318
1373637902,0.0,2925.999318
1373638202,0.0,2925.999318
1373638502,0.0,2925.999318
1373638802,0.0,2925.999318
1373639102,0.0,2925.999318
1373639402,0.0,2925.999318
1373639702,0.0,2925.999318
1373640003,0.0,2925.999318
1373640303,0.0,2925.999318
1373640603,0.0,2925.999318
1373640903,0.0,2925.999318
1373641203,0.0,2925.999318
1373641503,0.0,2925.999318
1373641803,0.0,2925.999318
1373642103,0.0,2925.999318
1373642403,0.0,2925.999318
1373642703,0.0,2925.999318
1373643003,0.0,2925.999318
1373643303,0.0,2925.999318
1373643603,0.0,2925.999318
1373643903,0.0,2925.999318
1373644203,0.0,2925.999318
1373644503,0.0,2925.999318
1373644803,0.0,2925.999318
1373645103,0.0,2925.999318
1373645403,0.0,2925.999318
1373645703,0.0,2925.999318
1373646003,0.0,2925.999318
1373646303,0.0,2925.999318
1373646603,0.0,2925.999318
1373646903,0.0,2925.999318
1373647204,0.0,2925.999318
1373647504,0.0,2925.999318
1373647804,0.0,2925.999318
1373648104,0.0,2925.999318
1373648404,0.0,2925.999318
1373648704,0.0,2925.999318
1373649004,0.0,2925.999318
1373649304,0.0,2925.999318
1373649604,0.0,2925.999318
1373649904,0.0,2925.999318
1373650204,0.0,2925.999318
1373650504,0.0,2925.999318
1373650804,0.0,2925.999318
1373651104,0.0,2925.999318
1373651404,0.0,2925.999318
1373651704,0.0,2925.999318
1373652004,0.0,2925.999318
1373652304,0.0,2925.999318
1373652604,0.0,2925.999318
1373652904,0.0,2925.999318
1373653204,0.0,2925.999318
1373653504,0.0,2925.999318
1373653804,0.0,2925.999318
1373654104,0.0,2925.999318
1373654404,0.0,2925.999318
1373654704,0.0,2925.999318
1373655004,0.0,2925.999318
1373655304,0.0,2925.999318
1373655604,0.0,2925.999318
1373655904,0.0,2925.999318
1373656204,0.0,2925.999318
1373656504,0.0,2925.999318
1373656804,0.0,2925.999318
1373657105,0.0,2925.999318
1373657405,0.0,2925.999318
1373657705,0.0,2925.999318
1373658005,0.0,2925.999318
1373658305,0.0,2925.999318
1373658605,0.0,2925.999318
1373658905,0.0,2925.999318
1373659205,0.0,2925.999318
1373659505,0.0,2925.999318
1373659805,0.0,2925.999318
1373660105,0.0,2925.999318
1373660405,0.0,2925.999318
1373660705,0.0,2925.999318
1373661005,0.0,2925.999318
1373661305,0.0,2925.999318
1373661605,0.0,2925.999318
1373661905,0.0,2925.999318
1373662205,0.0,2925.999318
1373662505,0.0,2925.999318
1373662805,0.0,2925.999318
1373663105,0.0,2925.999318
1373663405,0.0,2925.999318
1373663705,0.0,2925.999318
1373664005,0.0,2925.999318
1373664305,0.0,2925.999318
1373664605,0.0,2925.999318
1373664905,0.0,2925.999318
1373665205,0.0,2925.999318
1373665505,0.0,2925.999318
1373665805,0.0,2925.999318
1373666106,0.0,2925.999318
1373666406,0.0,2925.999318
1373666706,0.0,2925.999318
1373667006,0.0,2925.999318
1373667306,0.0,2925.999318
1373667606,0.0,2925.999318
1373667906,0.0,2925.999318
1373668206,0.0,2925.999318
1373668506,0.0,2925.999318
1373668806,0.0,2925.999318
1373669106,0.0,2925.999318
1373669406,0.0,2925.999318
1373669706,0.0,2925.999318
1373670006,0.0,2925.999318
1373670306,0.0,2925.999318
1373670606,0.0,2925.999318
1373670906,0.0,2925.999318
1373671206,0.0,2925.999318
1373671506,0.0,2925.999318
1373671806,0.0,2925.999318
1373672106,0.0,2925.999318
1373672406,0.0,2925.999318
1373672706,0.0,2925.999318
1373673006,0.0,2925.999318
1373673306,0.0,2925.999318
1373673606,0.0,2925.999318
1373673906,0.0,2925.999318
1373674206,0.0,2925.999318
1373674506,0.0,2925.999318
1373674806,0.0,2925.999318
1373675106,0.0,2925.999318
1373675406,0.0,2925.999318
1373675706,0.0,2925.999318
1373676006,0.0,2925.999318
1373676306,0.0,2925.999318
1373676606,0.0,2925.999318
1373676906,0.0,2925.999318
1373677207,0.0,2925.999318
1373677507,0.0,2925.999318
1373677807,0.0,2925.999318
1373678107,0.0,2925.999318
1373678407,0.0,2925.999318
1373678707,0.0,2925.999318
1373679007,0.0,2925.999318
1373679307,0.0,2925.999318
1373679607,0.0,2925.999318
1373679907,0.0,2925.999318
1373680207,0.0,2925.999318
1373680507,0.0,2925.999318
1373680807,0.0,2925.999318
1373681107,0.0,2925.999318
1373681407,0.0,2925.999318
1373681707,0.0,2925.999318
1373682007,0.0,2925.999318
1373682307,0.0,2925.999318
1373682607,0.0,2925.999318
1373682907,0.0,2925.999318
1373683207,0.0,2925.999318
1373683507,0.0,2925.999318
1373683807,0.0,2925.999318
1373684107,0.0,2925.999318
1373684407,0.0,2925.999318
1373684707,0.0,2925.999318
1373685007,0.0,2925.999318
1373685307,0.0,2925.999318
1373685607,0.0,2925.999318
1373685907,0.0,2925.999318
1373686207,0.0,2925.999318
1373686507,0.0,2925.999318
1373686807,0.0,2925.999318
1373687107,0.0,2925.999318
1373687407,0.0,2925.999318
1373687707,0.0,2925.999318
1373688007,0.0,2925.999318
1373688307,0.0,2925.999318
1373688607,0.0,2925.999318
1373688907,0.0,2925.999318
1373689207,0.0,2925.999318
1373689507,0.0,2925.999318
1373689808,0.0,2925.999318
1373690108,0.0,2925.999318
1373690408,0.0,2925.999318
1373690708,0.0,2925.999318
1373691008,0.0,2925.999318
1373691308,0.0,2925.999318
1373691608,0.0,2925.999318
1373691908,0.0,2925.999318
1373692208,0.0,2925.999318
1373692508,0.0,2925.999318
1373692808,0.0,2925.999318
1373693108,0.0,2925.999318
1373693408,0.0,2925.999318
1373693708,0.0,2925.999318
1373694008,0.0,2925.999318
1373694308,0.0,2925.999318
1373694608,0.0,2925.999318
1373694908,0.0,2925.999318
1373695208,0.0,2925.999318
1373695508,0.0,2925.999318
1373695808,0.0,2925.999318
1373696108,0.0,2925.999318
1373696409,0.0,2925.999318
1373696709,0.0,2925.999318
1373697009,0.0,2925.999318
1373697309,0.0,2925.999318
1373697609,0.0,2925.999318
1373697909,0.0,2925.999318
1373698209,0.0,2925.999318
1373698509,0.0,2925.999318
1373698809,0.0,2925.999318
1373699109,0.0,2925.999318
1373699409,0.0,2925.999318
1373699709,0.0,2925.999318
1373700009,0.0,2925.999318
1373700309,0.0,2925.999318
1373700609,0.0,2925.999318
1373700909,0.0,2925.999318
1373701209,0.0,2925.999318
1373701509,0.0,2925.999318
1373701809,0.0,2925.999318
1373702109,0.0,2925.999318
1373702409,0.0,2925.999318
1373702709,0.0,2925.999318
1373703009,0.0,2925.999318
1373703309,0.0,2925.999318
1373703609,0.0,2925.999318
1373703909,0.0,2925.999318
1373704209,0.0,2925.999318
1373704509,0.0,2925.999318
1373704809,0.0,2925.999318
1373705109,0.0,2925.999318
1373705409,0.0,2925.999318
1373705709,0.0,2925.999318
1373706009,0.0,2925.999318
1373706309,0.0,2925.999318
1373706609,0.0,2925.999318
1373706909,0.0,2925.999318
1373707209,0.0,2925.999318
1373707509,0.0,2925.999318
1373707809,0.0,2925.999318
1373708110,0.0,2925.999318
1373708410,0.0,2925.999318
1373708710,0.0,2925.999318
1373709010,0.0,2925.999318
1373709310,0.0,2925.999318
1373709610,0.0,2925.999318
1373709910,0.0,2925.999318
1373710210,0.0,2925.999318
1373710510,0.0,2925.999318
1373710810,0.0,2925.999318
1373711110,0.0,2925.999318
1373711410,0.0,2925.999318
1373711710,0.0,2925.999318
1373712010,0.0,2925.999318
1373712310,0.0,2925.999318
1373712610,0.0,2925.999318
1373712910,0.0,2925.999318
1373713210,0.0,2925.999318
1373713510,0.0,2925.999318
1373713810,0.0,2925.999318
1373714110,0.0,2925.999318
1373714410,0.0,2925.999318
1373714710,0.0,2925.999318
1373715010,0.0,2925.999318
1373715310,0.0,2925.999318
1373715610,0.0,2925.999318
1373715910,0.0,2925.999318
1373716210,0.0,2925.999318
1373716510,0.0,2925.999318
1373716810,0.0,2925.999318
1373717110,0.0,2925.999318
1373717410,0.0,2925.999318
1373717710,0.0,2925.999318
1373718010,0.0,2925.999318
1373718311,0.0,2925.999318
1373718611,0.0,2925.999318
1373718911,0.0,2925.999318
1373719211,0.0,2925.999318
1373719511,0.0,2925.999318
1373719811,0.0,2925.999318
1373720111,0.0,2925.999318
1373720411,0.0,2925.999318
1373720711,0.0,2925.999318
1373721011,0.0,2925.999318
1373721311,0.0,2925.999318
1373721611,0.0,2925.999318
1373721911,0.0,2925.999318
1373722211,0.0,2925.999318
1373722511,0.0,2925.999318
1373722811,0.0,2925.999318
1373723111,0.0,2925.999318
1373723411,0.0,2925.999318
1373723711,0.0,2925.999318
1373724011,0.0,2925.999318
1373724311,0.0,2925.999318
1373724611,0.0,2925.999318
1373724911,0.0,2925.999318
1373725211,0.0,2925.999318
1373725511,0.0,2925.999318
1373725811,0.0,2925.999318
1373726111,0.0,2925.999318
1373726411,0.0,2925.999318
1373726711,0.0,2925.999318
1373727011,0.0,2925.999318
1373727311,0.0,2925.999318
1373727612,0.0,2925.999318
1373727912,0.0,2925.999318
1373728212,0.0,2925.999318
1373728512,0.0,2925.999318
1373728812,0.0,2925.999318
1373729112,0.0,2925.999318
1373729412,0.0,2925.999318
1373729712,0.0,2925.999318
1373730012,0.0,2925.999318
1373730312,0.0,2925.999318
1373730612,0.0,2925.999318
1373730912,0.0,2925.999318
1373731212,0.0,2925.999318
1373731512,0.0,2925.999318
1373731812,0.0,2925.999318
1373732112,0.0,2925.999318
1373732412,0.0,2925.999318
1373732712,0.0,2925.999318
1373733012,0.0,2925.999318
1373733312,0.0,2925.999318
1373733612,0.0,2925.999318
1373733912,0.0,2925.999318
1373734212,0.0,2925.999318
1373734512,0.0,2925.999318
1373734812,0.0,2925.999318
1373735112,0.0,2925.999318
1373735412,0.0,2925.999318
1373735712,0.0,2925.999318
1373736012,0.0,2925.999318
1373736312,0.0,2925.999318
1373736612,0.0,2925.999318
1373736912,0.0,2925.999318
1373737212,0.0,2925.999318
1373737512,0.0,2925.999318
1373737812,0.0,2925.999318
1373738112,0.0,2925.999318
1373738412,0.0,2925.999318
1373738712,0.0,2925.999318
1373739012,0.0,2925.999318
1373739312,0.0,2925.999318
1373739612,0.0,2925.999318
1373739913,0.0,2925.999318
1373740213,0.0,2925.999318
1373740513,0.0,2925.999318
1373740813,0.0,2925.999318
1373741113,0.0,2925.999318
1373741413,0.0,2925.999318
1373741713,0.0,2925.999318
1373742013,0.0,2925.999318
1373742313,0.0,2925.999318
1373742613,0.0,2925.999318
1373742913,0.0,2925.999318
1373743213,0.0,2925.999318
1373743513,0.0,2925.999318
1373743813,0.0,2925.999318
1373744113,0.0,2925.999318
1373744413,0.0,2925.999318
1373744713,0.0,2925.999318
1373745013,0.0,2925.999318
1373745313,0.0,2925.999318
1373745613,0.0,2925.999318
1373745913,0.0,2925.999318
1373746213,0.0,2925.999318
1373746513,0.0,2925.999318
1373746813,0.0,2925.999318
1373747113,0.0,2925.999318
1373747414,0.0,2925.999318
1373747714,0.0,2925.999318
1373748014,0.0,2925.999318
1373748314,0.0,2925.999318
1373748614,0.0,2925.999318
1373748914,0.0,2925.999318
1373749214,0.0,2925.999318
1373749514,0.0,2925.999318
1373749814,0.0,2925.999318
1373750114,0.0,2925.999318
1373750414,0.0,2925.999318
1373750714,0.0,2925.999318
1373751014,0.0,2925.999318
1373751314,0.0,2925.999318
1373751614,0.0,2925.999318
1373751914,0.0,2925.999318
1373752214,0.0,2925.999318
1373752514,0.0,2925.999318
1373752814,0.0,2925.999318
1373753114,0.0,2925.999318
1373753414,0.0,2925.999318
1373753714,0.0,2925.999318
1373754014,0.0,2925.999318
1373754314,0.0,2925.999318
1373754614,0.0,2925.999318
1373754914,0.0,2925.999318
1373755214,0.0,2925.999318
1373755514,0.0,2925.999318
1373755814,0.0,2925.999318
1373756114,0.0,2925.999318
1373756415,0.0,2925.999318
1373756715,0.0,2925.999318
1373757015,0.0,2925.999318
1373757315,0.0,2925.999318
1373757615,0.0,2925.999318
1373757915,0.0,2925.999318
1373758215,0.0,2925.999318
1373758515,0.0,2925.999318
1373758815,0.0,2925.999318
1373759115,0.0,2925.999318
1373759415,0.0,2925.999318
1373759715,0.0,2925.999318
1373760015,0.0,2925.999318
1373760315,0.0,2925.999318
1373760615,0.0,2925.999318
1373760915,0.0,2925.999318
1373761215,0.0,2925.999318
1373761515,0.0,2925.999318
1373761815,0.0,2925.999318
1373762115,0.0,2925.999318
1373762415,0.0,2925.999318
1373762715,0.0,2925.999318
1373763015,0.0,2925.999318
1373763315,0.0,2925.999318
1373763615,0.0,2925.999318
1373763915,0.0,2925.999318
1373764215,0.0,2925.999318
1373764515,0.0,2925.999318
1373764815,0.0,2925.999318
1373765115,0.0,2925.999318
1373765415,0.0,2925.999318
1373765715,0.0,2925.999318
1373766015,0.0,2925.999318
1373766315,0.0,2925.999318
1373766615,0.0,2925.999318
1373766915,0.0,2925.999318
1373767215,0.0,2925.999318
1373767515,0.0,2925.999318
1373767815,0.0,2925.999318
1373768115,0.0,2925.999318
1373768415,0.0,2925.999318
1373768715,0.0,2925.999318
1373769015,0.0,2925.999318
1373769315,0.0,2925.999318
1373769615,0.0,2925.999318
1373769915,0.0,2925.999318
1373770215,0.0,2925.999318
1373770515,0.0,2925.999318
1373770815,0.0,2925.999318
1373771115,0.0,2925.999318
1373771415,0.0,2925.999318
1373771715,0.0,2925.999318
1373772016,0.0,2925.999318
1373772316,0.0,2925.999318
1373772616,0.0,2925.999318
1373772916,0.0,2925.999318
1373773216,0.0,2925.999318
1373773516,0.0,2925.999318
1373773816,0.0,2925.999318
1373774116,0.0,2925.999318
1373774416,0.0,2925.999318
1373774716,0.0,2925.999318
1373775016,0.0,2925.999318
1373775316,0.0,2925.999318
1373775616,0.0,2925.999318
1373775916,0.0,2925.999318
1373776216,0.0,2925.999318
1373776516,0.0,2925.999318
1373776816,0.0,2925.999318
1373777116,0.0,2925.999318
1373777416,0.0,2925.999318
1373777716,0.0,2925.999318
1373778016,0.0,2925.999318
1373778316,0.0,2925.999318
1373778616,0.0,2925.999318
1373778916,0.0,2925.999318
1373779216,0.0,2925.999318
1373779516,0.0,2925.999318
1373779817,0.0,2925.999318
1373780117,0.0,2925.999318
1373780417,0.0,2925.999318
1373780717,0.0,2925.999318
1373781017,0.0,2925.999318
1373781317,0.0,2925.999318
1373781617,0.0,2925.999318
1373781917,0.0,2925.999318
1373782217,0.0,2925.999318
1373782517,0.0,2925.999318
1373782817,0.0,2925.999318
1373783117,0.0,2925.999318
1373783417,0.0,2925.999318
1373783717,0.0,2925.999318
1373784017,0.0,2925.999318
1373784317,0.0,2925.999318
1373784617,0.0,2925.999318
1373784917,0.0,2925.999318
1373785217,0.0,2925.999318
1373785517,0.0,2925.999318
1373785817,0.0,2925.999318
1373786117,0.0,2925.999318
1373786418,0.0,2925.999318
1373786718,0.0,2925.999318
1373787018,0.0,2925.999318
1373787318,0.0,2925.999318
1373787618,0.0,2925.999318
1373787918,0.0,2925.999318
1373788218,0.0,2925.999318
1373788518,0.0,2925.999318
1373788818,0.0,2925.999318
1373789118,0.0,2925.999318
1373789418,0.0,2925.999318
1373789718,0.0,2925.999318
1373790018,0.0,2925.999318
1373790318,0.0,2925.999318
1373790618,0.0,2925.999318
1373790918,0.0,2925.999318
1373791218,0.0,2925.999318
1373791518,0.0,2925.999318
1373791818,0.0,2925.999318
1373792118,0.0,2925.999318
1373792418,0.0,2925.999318
1373792718,0.0,2925.999318
1373793018,0.0,2925.999318
1373793318,0.0,2925.999318
1373793618,0.0,2925.999318
1373793918,0.0,2925.999318
1373794219,0.0,2925.999318
1373794519,0.0,2925.999318
1373794819,0.0,2925.999318
1373795119,0.0,2925.999318
1373795419,0.0,2925.999318
1373795719,0.0,2925.999318
1373796019,0.0,2925.999318
1373796319,0.0,2925.999318
1373796619,0.0,2925.999318
1373796919,0.0,2925.999318
1373797219,0.0,2925.999318
1373797519,0.0,2925.999318
1373797819,0.0,2925.999318
1373798119,0.0,2925.999318
1373798419,0.0,2925.999318
1373798719,0.0,2925.999318
1373799019,0.0,2925.999318
1373799319,0.0,2925.999318
1373799619,0.0,2925.999318
1373799919,0.0,2925.999318
1373800219,0.0,2925.999318
1373800519,0.0,2925.999318
1373800819,0.0,2925.999318
1373801119,0.0,2925.999318
1373801419,0.0,2925.999318
1373801719,0.0,2925.999318
1373802019,0.0,2925.999318
1373802319,0.0,2925.999318
1373802619,0.0,2925.999318
1373802919,0.0,2925.999318
1373803219,0.0,2925.999318
1373803519,0.0,2925.999318
1373803819,0.0,2925.999318
1373804119,0.0,2925.999318
1373804419,0.0,2925.999318
1373804719,0.0,2925.999318
1373805019,0.0,2925.999318
1373805319,0.0,2925.999318
1373805619,0.0,2925.999318
1373805919,0.0,2925.999318
1373806219,0.0,2925.999318
1373806519,0.0,2925.999318
1373806819,0.0,2925.999318
1373807119,0.0,2925.999318
1373807419,0.0,2925.999318
1373807719,0.0,2925.999318
1373808019,0.0,2925.999318
1373808320,0.0,2925.999318
1373808620,0.0,2925.999318
1373808920,0.0,2925.999318
1373809220,0.0,2925.999318
1373809520,0.0,2925.999318
1373809820,0.0,2925.999318
1373810120,0.0,2925.999318
1373810420,0.0,2925.999318
1373810720,0.0,2925.999318
1373811020,0.0,2925.999318
1373811320,0.0,2925.999318
1373811620,0.0,2925.999318
1373811920,0.0,2925.999318
1373812220,0.0,2925.999318
1373812520,0.0,2925.999318
1373812820,0.0,2925.999318
1373813120,0.0,2925.999318
1373813420,0.0,2925.999318
1373813720,0.0,2925.999318
1373814020,0.0,2925.999318
1373814320,0.0,2925.999318
1373814620,0.0,2925.999318
1373814920,0.0,2925.999318
1373815220,0.0,2925.999318
1373815520,0.0,2925.999318
1373815820,0.0,2925.999318
1373816120,0.0,2925.999318
1373816420,0.0,2925.999318
1373816720,0.0,2925.999318
1373817020,0.0,2925.999318
1373817321,0.0,2925.999318
1373817621,0.0,2925.999318
1373817921,0.0,2925.999318
1373818221,0.0,2925.999318
1373818521,0.0,2925.999318
1373818821,0.0,2925.999318
1373819121,0.0,2925.999318
1373819421,0.0,2925.999318
1373819721,0.0,2925.999318
1373820021,0.0,2925.999318
1373820321,0.0,2925.999318
1373820621,0.0,2925.999318
1373820921,0.0,2925.999318
1373821221,0.0,2925.999318
1373821521,0.0,2925.999318
1373821821,0.0,2925.999318
1373822121,0.0,2925.999318
1373822421,0.0,2925.999318
1373822721,0.0,2925.999318
1373823021,0.0,2925.999318
1373823321,0.0,2925.999318
1373823621,0.0,2925.999318
1373823921,0.0,2925.999318
1373824221,0.0,2925.999318
1373824521,0.0,2925.999318
1373824821,0.0,2925.999318
1373825121,0.0,2925.999318
1373825421,0.0,2925.999318
1373825721,0.0,2925.999318
1373826021,0.0,2925.999318
1373826322,0.0,2925.999318
1373826622,0.0,2925.999318
1373826922,0.0,2925.999318
1373827222,0.0,2925.999318
1373827522,0.0,2925.999318
1373827822,0.0,2925.999318
1373828122,0.0,2925.999318
1373828422,0.0,2925.999318
1373828722,0.0,2925.999318
1373829022,0.0,2925.999318
1373829322,0.0,2925.999318
1373829622,0.0,2925.999318
